# pair_index, img_from, img_to, component_id, start_x, start_y, end_x, end_y, centroid_x, centroid_y, unit_dir_x, unit_dir_y, length_px, angle_rad, size_pixels
0, generated000.png, generated001.png, 1, 320.697, -75.154, -29.687, 537.008, 157.548, 209.886, -0.496756, 0.867890, 705.345, 2.090653, 146062
1, generated001.png, generated002.png, 1, 489.497, 110.156, 194.564, 632.173, 352.528, 352.584, -0.491905, 0.870649, 599.572, 2.085072, 168339
2, generated002.png, generated003.png, 1, 587.844, -5.384, 605.423, 598.182, 596.544, 293.309, 0.029113, 0.999576, 603.821, 1.541679, 175957
3, generated003.png, generated004.png, 1, 258.241, 228.032, 54.497, 622.171, 153.197, 431.238, -0.459207, 0.888329, 443.686, 2.047899, 88731
4, generated004.png, generated005.png, 1, 486.783, -41.935, 761.314, 385.084, 616.524, 159.871, 0.540784, 0.841162, 507.653, 0.999428, 93931
5, generated005.png, generated006.png, 1, 604.014, 181.127, 212.690, 223.831, 422.433, 200.942, -0.994098, 0.108482, 393.647, 3.032897, 48086
6, generated006.png, generated007.png, 1, 388.922, 563.827, 60.515, 542.908, 209.879, 552.422, -0.997977, -0.063569, 329.072, -3.077980, 26243
7, generated007.png, generated008.png, 1, 751.907, 283.363, 518.806, 258.843, 637.559, 271.335, -0.994513, -0.104609, 234.387, -3.036791, 15884
8, generated008.png, generated009.png, 1, 230.475, 299.683, 20.543, 231.332, 119.950, 263.698, -0.950869, -0.309594, 220.779, -2.826827, 7781
9, generated009.png, generated010.png, 1, 354.674, 438.961, 461.485, 595.037, 410.183, 520.074, 0.564764, 0.825252, 189.125, 0.970649, 14831
10, generated010.png, generated011.png, 1, 166.244, 197.439, 103.072, 438.119, 133.588, 321.855, -0.253874, 0.967237, 248.832, 1.827480, 27742
11, generated011.png, generated012.png, 1, 709.051, 517.811, 472.919, 515.875, 593.942, 516.867, -0.999966, -0.008199, 236.140, -3.133394, 23886
12, generated012.png, generated013.png, 1, 749.272, 89.399, 337.916, 85.186, 532.558, 87.179, -0.999948, -0.010240, 411.378, -3.131352, 30147
13, generated013.png, generated014.png, 1, 385.758, 355.688, 253.187, 294.431, 320.239, 325.414, -0.907775, -0.419458, 146.039, -2.708744, 10079
14, generated014.png, generated015.png, 1, 337.600, 430.554, 252.667, 522.540, 292.891, 478.976, -0.678379, 0.734712, 125.199, 2.316350, 5918
15, generated015.png, generated016.png, 1, 205.664, 73.550, 74.998, 321.363, 143.510, 191.427, -0.466410, 0.884569, 280.151, 2.056024, 23521
16, generated016.png, generated017.png, 1, 435.050, 378.836, 325.998, 417.147, 380.662, 397.943, -0.943474, 0.331448, 115.586, 2.803755, 7689
17, generated017.png, generated018.png, 1, 753.456, 224.701, 488.417, 181.443, 626.602, 203.997, -0.986941, -0.161083, 268.545, -2.979804, 17737
18, generated018.png, generated019.png, 1, 338.916, 108.979, 122.977, 126.717, 231.791, 117.779, -0.996643, 0.081871, 216.667, 3.059630, 26475
19, generated019.png, generated020.png, 1, 240.026, 550.729, 165.388, 490.519, 202.912, 520.790, -0.778325, -0.627862, 95.896, -2.462790, 4483
20, generated020.png, generated021.png, 1, 97.045, -18.334, 1.008, 201.440, 54.331, 79.414, -0.400421, 0.916331, 239.841, 1.982773, 19539
21, generated021.png, generated022.png, 1, 349.022, 518.351, 227.189, 526.003, 287.988, 522.184, -0.998033, 0.062685, 122.073, 3.078867, 6987
22, generated022.png, generated023.png, 1, 534.914, 273.303, 416.935, 275.460, 476.884, 274.364, -0.999833, 0.018284, 117.999, 3.123307, 6668
23, generated023.png, generated024.png, 1, 24.587, 7.815, 54.314, 101.954, 38.878, 53.071, 0.301118, 0.953587, 98.721, 1.264931, 5446
24, generated024.png, generated025.png, 1, 576.863, 318.362, 549.641, 409.490, 562.859, 365.242, -0.286221, 0.958164, 95.108, 1.861077, 4499
25, generated025.png, generated026.png, 1, 191.623, 4.115, 30.389, 67.699, 114.936, 34.357, -0.930274, 0.366865, 173.319, 2.765956, 6137
26, generated026.png, generated027.png, 1, 294.696, 396.967, 197.918, 411.451, 246.868, 404.125, -0.988985, 0.148019, 97.856, 2.993028, 4479
27, generated027.png, generated028.png, 1, 710.066, 39.741, 481.694, 35.114, 595.145, 37.413, -0.999795, -0.020254, 228.419, -3.121337, 16080
28, generated028.png, generated029.png, 1, 156.548, 174.229, 13.632, 277.637, 80.435, 229.301, -0.810165, 0.586202, 176.404, 2.515230, 10901
29, generated029.png, generated030.png, 1, 627.158, 322.395, 705.992, 482.986, 668.365, 406.337, 0.440668, 0.897670, 178.897, 1.114454, 20734
30, generated030.png, generated031.png, 1, 264.468, 17.237, 158.248, 20.121, 210.244, 18.709, -0.999632, 0.027133, 106.259, 3.114456, 3839
31, generated031.png, generated032.png, 1, 749.515, 564.508, 596.442, 573.775, 677.947, 568.841, -0.998173, 0.060428, 153.354, 3.081128, 7520
32, generated032.png, generated033.png, 1, 521.439, 240.887, 529.996, 349.922, 525.898, 297.702, 0.078235, 0.996935, 109.370, 1.492482, 5199
33, generated033.png, generated034.png, 1, 261.057, 87.712, 91.187, 54.056, 176.003, 70.860, -0.980932, -0.194351, 173.172, -2.945996, 14045
34, generated034.png, generated035.png, 1, 72.936, 481.267, 91.300, 554.427, 82.214, 518.230, 0.243467, 0.969909, 75.429, 1.324858, 2865
35, generated035.png, generated036.png, 1, 267.766, 261.295, 160.134, 432.712, 211.428, 351.020, -0.531761, 0.846894, 202.407, 2.131475, 13531
36, generated036.png, generated037.png, 1, 62.895, 487.087, 102.843, 546.516, 84.750, 519.600, 0.557876, 0.829925, 71.608, 0.978972, 3145
37, generated037.png, generated038.png, 1, 554.251, 214.128, 320.545, 58.188, 443.384, 140.153, -0.831826, -0.555037, 280.955, -2.553186, 18423
38, generated038.png, generated039.png, 1, 223.728, 228.991, 120.284, 427.321, 174.861, 322.681, -0.462453, 0.886644, 223.686, 2.051556, 17751
39, generated039.png, generated040.png, 1, 413.798, 262.545, 369.531, 342.741, 391.480, 302.978, -0.483251, 0.875482, 91.603, 2.075161, 5365
40, generated040.png, generated041.png, 1, 323.547, 194.783, 280.597, 281.311, 302.497, 237.191, -0.444610, 0.895724, 96.602, 2.031535, 5552
41, generated041.png, generated042.png, 1, 487.737, 448.316, 379.414, 397.242, 435.071, 423.484, -0.904503, -0.426468, 119.759, -2.701009, 8875
42, generated042.png, generated043.png, 1, 712.653, 113.816, 456.545, 64.838, 607.022, 93.615, -0.982201, -0.187833, 260.749, -2.952637, 6721
43, generated043.png, generated044.png, 1, 312.601, 300.492, 215.159, 274.407, 262.659, 287.122, -0.965987, -0.258592, 100.873, -2.880028, 4858
44, generated044.png, generated045.png, 1, 490.407, 385.380, 440.221, 439.140, 465.707, 411.840, -0.682391, 0.730987, 73.544, 2.321825, 3621
45, generated045.png, generated046.png, 1, 106.509, 110.460, 135.743, 246.209, 120.502, 175.436, 0.210527, 0.977588, 138.861, 1.358682, 8977
46, generated046.png, generated047.png, 1, 704.564, 446.307, 747.441, 493.419, 724.425, 468.130, 0.673097, 0.739554, 63.702, 0.832408, 2562
47, generated047.png, generated048.png, 1, 583.002, 34.526, 398.003, 34.384, 491.679, 34.456, -1.000000, -0.000768, 184.999, -3.140825, 8136
48, generated048.png, generated049.png, 1, 21.868, 113.228, 38.185, 194.164, 29.884, 152.993, 0.197627, 0.980277, 82.564, 1.371859, 2285
49, generated049.png, generated050.png, 1, 405.195, 491.671, 358.974, 580.032, 381.180, 537.581, -0.463514, 0.886090, 99.720, 2.052753, 4594
50, generated050.png, generated051.png, 1, 370.205, 254.867, 293.463, 386.600, 327.913, 327.465, -0.503372, 0.864070, 152.456, 2.098293, 7635
52, generated052.png, generated053.png, 1, 749.643, 95.867, 562.927, 101.620, 668.513, 98.366, -0.999526, 0.030798, 186.805, 3.110790, 6235
53, generated053.png, generated054.png, 1, 344.235, 258.787, 366.683, 389.227, 354.585, 318.932, 0.169600, 0.985513, 132.357, 1.400372, 5342
54, generated054.png, generated055.png, 1, 356.015, 487.243, 243.954, 486.258, 297.346, 486.727, -0.999961, -0.008791, 112.066, -3.132802, 4005
55, generated055.png, generated056.png, 1, 416.077, 43.492, 332.274, 103.172, 373.610, 73.734, -0.814561, 0.580078, 102.882, 2.522768, 7687
56, generated056.png, generated057.png, 1, 222.007, 467.232, 115.941, 466.222, 168.247, 466.720, -0.999955, -0.009517, 106.071, -3.132075, 5158
57, generated057.png, generated058.png, 1, 738.604, 157.076, 592.354, 129.147, 666.822, 143.368, -0.982250, -0.187577, 148.893, -2.952898, 9646
58, generated058.png, generated059.png, 1, 267.411, 40.421, 344.675, 157.230, 305.208, 97.563, 0.551689, 0.834050, 140.051, 0.986409, 9107
59, generated059.png, generated060.png, 1, 455.544, 505.247, 399.905, 604.080, 425.018, 559.471, -0.490565, 0.871405, 113.418, 2.083534, 3735
60, generated060.png, generated061.png, 1, 146.095, 207.492, 119.326, 307.887, 131.017, 264.040, -0.257630, 0.966244, 103.902, 1.831365, 3618
61, generated061.png, generated062.png, 1, 422.004, 422.884, 337.020, 422.613, 377.802, 422.743, -0.999995, -0.003182, 84.984, -3.138411, 3703
62, generated062.png, generated063.png, 1, 714.482, 226.420, 564.143, 171.608, 637.082, 198.201, -0.939505, -0.342535, 160.020, -2.791979, 3084
63, generated063.png, generated064.png, 1, 181.928, 194.690, 176.553, 247.955, 179.206, 221.668, -0.100407, 0.994946, 53.535, 1.671373, 1404
64, generated064.png, generated065.png, 1, 738.166, 303.121, 740.767, 471.127, 739.408, 383.354, 0.015478, 0.999880, 168.026, 1.555318, 3299
65, generated065.png, generated066.png, 1, 134.932, 143.569, 153.956, 212.737, 144.515, 178.411, 0.265197, 0.964194, 71.737, 1.302389, 1715
66, generated066.png, generated067.png, 1, 248.737, 375.813, 207.155, 401.490, 227.874, 388.696, -0.850847, 0.525413, 48.871, 2.588392, 1441
67, generated067.png, generated068.png, 1, 741.700, 250.477, 603.906, 222.462, 675.578, 237.034, -0.979953, -0.199229, 140.613, -2.941021, 5131
68, generated068.png, generated069.png, 1, 110.382, 177.532, 157.649, 232.441, 134.835, 205.939, 0.652396, 0.757878, 72.451, 0.860055, 1384
69, generated069.png, generated070.png, 1, 252.288, 491.411, 194.941, 517.100, 225.285, 503.507, -0.912616, 0.408819, 62.838, 2.720433, 1745
70, generated070.png, generated071.png, 1, 220.956, 324.859, 109.738, 359.800, 166.427, 341.990, -0.954024, 0.299731, 116.577, 2.837182, 8015
71, generated071.png, generated072.png, 1, 41.297, 540.877, 64.510, 597.093, 52.135, 567.124, 0.381665, 0.924301, 60.820, 1.179200, 1937
72, generated072.png, generated073.png, 1, 487.014, 132.208, 406.034, 137.516, 444.863, 134.971, -0.997859, 0.065405, 81.154, 3.076141, 1108
73, generated073.png, generated074.png, 1, 257.952, 351.528, 133.898, 305.235, 211.906, 334.345, -0.936891, -0.349621, 132.410, -2.784426, 6572
74, generated074.png, generated075.png, 1, 737.074, 452.808, 740.428, 594.203, 738.701, 521.392, 0.023714, 0.999719, 141.435, 1.547080, 2929
76, generated076.png, generated077.png, 1, 728.503, 498.603, 672.137, 569.107, 700.860, 533.179, -0.624446, 0.781068, 90.266, 2.245218, 3600
77, generated077.png, generated078.png, 1, 538.454, 225.049, 519.414, 287.733, 528.823, 256.755, -0.290631, 0.956835, 65.512, 1.865682, 1881
78, generated078.png, generated079.png, 1, 424.623, 24.511, 298.342, 43.657, 365.344, 33.498, -0.988701, 0.149900, 127.724, 2.991126, 4353
80, generated080.png, generated081.png, 1, 40.363, 157.881, 55.038, 449.998, 47.596, 301.851, 0.050172, 0.998741, 292.485, 1.520604, 7314
81, generated081.png, generated082.png, 1, 370.494, 500.486, 363.342, 566.685, 366.806, 534.622, -0.107412, 0.994215, 66.585, 1.678416, 2188
82, generated082.png, generated083.png, 1, 753.257, 26.051, 710.199, -0.325, 733.020, 13.654, -0.852720, -0.522368, 50.494, -2.591967, 1018
83, generated083.png, generated084.png, 1, 14.060, 266.975, 9.402, 445.246, 11.724, 356.394, -0.026120, 0.999659, 178.331, 1.596920, 3917
84, generated084.png, generated085.png, 1, 424.917, 402.703, 436.108, 474.983, 430.612, 439.485, 0.153010, 0.988225, 73.141, 1.417183, 2155
85, generated085.png, generated086.png, 1, 15.043, 205.926, 18.614, 304.652, 16.918, 257.759, 0.036139, 0.999347, 98.791, 1.534649, 3309
86, generated086.png, generated087.png, 1, 478.830, 534.859, 430.330, 593.445, 453.149, 565.880, -0.637680, 0.770302, 76.056, 2.262279, 1781
87, generated087.png, generated088.png, 1, 494.960, 9.886, 429.961, 9.620, 462.323, 9.752, -0.999992, -0.004088, 64.999, -3.137504, 1256
88, generated088.png, generated089.png, 1, 18.385, 206.528, 46.970, 293.990, 32.497, 249.706, 0.310663, 0.950520, 92.015, 1.254906, 2883
90, generated090.png, generated091.png, 1, 171.937, 240.101, -5.072, 331.137, 73.844, 290.550, -0.889282, 0.457359, 199.048, 2.666570, 4153
91, generated091.png, generated092.png, 1, 406.743, 556.421, 355.512, 579.153, 381.992, 567.404, -0.914064, 0.405570, 56.048, 2.723990, 887
92, generated092.png, generated093.png, 1, 428.862, 263.756, 373.201, 215.321, 401.734, 240.150, -0.754377, -0.656441, 73.783, -2.425502, 2125
93, generated093.png, generated094.png, 1, 67.236, 291.115, -0.136, 305.356, 34.146, 298.109, -0.978382, 0.206805, 68.860, 2.933284, 1190
94, generated094.png, generated095.png, 1, 414.612, 527.709, 360.860, 543.861, 387.330, 535.907, -0.957696, 0.287783, 56.127, 2.849682, 2041
95, generated095.png, generated096.png, 1, 59.729, 322.854, 31.300, 404.003, 43.498, 369.183, -0.330630, 0.943760, 85.985, 1.907767, 2115
96, generated096.png, generated097.png, 1, 312.208, 519.117, 241.338, 538.592, 277.119, 528.759, -0.964255, 0.264977, 73.497, 2.873412, 3528
97, generated097.png, generated098.png, 1, 448.308, 387.279, 389.511, 343.619, 419.282, 365.726, -0.802859, -0.596170, 73.235, -2.502871, 2480
98, generated098.png, generated099.png, 1, 145.254, 292.293, 55.265, 331.606, 99.294, 312.371, -0.916372, 0.400328, 98.202, 2.729718, 1734
99, generated099.png, generated100.png, 1, 340.458, 469.501, 355.798, 516.741, 348.571, 494.484, 0.308836, 0.951115, 49.668, 1.256827, 1060
100, generated100.png, generated101.png, 1, 379.960, 249.468, 368.053, 339.875, 374.246, 292.851, -0.130570, 0.991439, 91.188, 1.701740, 3442
101, generated101.png, generated102.png, 1, 681.228, 412.919, 601.918, 364.783, 641.826, 389.005, -0.854867, -0.518846, 92.775, -2.596092, 2400
102, generated102.png, generated103.png, 1, 487.520, 301.064, 443.691, 269.642, 465.409, 285.212, -0.812715, -0.582661, 53.929, -2.519594, 1339
103, generated103.png, generated104.png, 1, 339.095, 326.046, 290.827, 328.298, 314.956, 327.172, -0.998913, 0.046623, 48.321, 3.094953, 1091
104, generated104.png, generated105.png, 1, 201.444, 551.289, 225.629, 597.830, 213.617, 574.714, 0.461090, 0.887353, 52.450, 1.091573, 1089
105, generated105.png, generated106.png, 1, 86.642, 232.728, 38.705, 295.422, 62.110, 264.812, -0.607406, 0.794391, 78.921, 2.223588, 2064
106, generated106.png, generated107.png, 1, 366.845, 475.564, 393.931, 528.036, 380.480, 501.977, 0.458698, 0.888592, 59.050, 1.094267, 1288
107, generated107.png, generated108.png, 1, 743.831, 209.792, 739.960, 305.756, 741.691, 262.843, -0.040299, 0.999188, 96.043, 1.611107, 1376
108, generated108.png, generated109.png, 1, 67.389, 197.806, 92.954, 249.025, 80.230, 223.533, 0.446601, 0.894733, 57.245, 1.107833, 1272
109, generated109.png, generated110.png, 1, 320.977, 373.004, 227.766, 325.417, 275.503, 349.788, -0.890648, -0.454694, 104.656, -2.669564, 2478
110, generated110.png, generated111.png, 1, 266.940, 165.366, 154.546, 282.734, 206.649, 228.325, -0.691637, 0.722246, 162.505, 2.334549, 4959
111, generated111.png, generated112.png, 1, 522.111, 443.493, 452.644, 495.854, 488.127, 469.109, -0.798559, 0.601916, 86.990, 2.495694, 2686
112, generated112.png, generated113.png, 1, 745.851, 198.523, 693.737, 195.443, 718.796, 196.924, -0.998258, -0.058995, 52.204, -3.082563, 1562
113, generated113.png, generated114.png, 1, 387.214, 181.940, 309.969, 187.569, 348.028, 184.795, -0.997355, 0.072681, 77.450, 3.068848, 3555
114, generated114.png, generated115.png, 1, 737.057, 389.811, 603.951, 345.146, 674.223, 368.727, -0.948048, -0.318127, 140.400, -2.817839, 4816
115, generated115.png, generated116.png, 1, -3.746, 2.319, 18.657, 38.500, 8.934, 22.798, 0.526441, 0.850212, 42.555, 1.016387, 499
116, generated116.png, generated117.png, 1, 89.708, 448.365, 109.892, 534.383, 98.474, 485.723, 0.228442, 0.973558, 88.355, 1.340319, 3011
117, generated117.png, generated118.png, 1, 437.855, 258.317, 471.178, 337.926, 455.835, 301.272, 0.386120, 0.922448, 86.302, 1.174374, 1905
118, generated118.png, generated119.png, 1, 75.937, 97.680, 46.005, 99.102, 60.866, 98.396, -0.998873, 0.047455, 29.966, 3.094120, 447
119, generated119.png, generated120.png, 1, 538.793, 346.171, 598.885, 419.095, 571.652, 386.047, 0.635940, 0.771739, 94.493, 0.881570, 2778
121, generated121.png, generated122.png, 1, 574.353, 410.323, 536.648, 390.675, 555.164, 400.324, -0.886812, -0.462131, 42.517, -2.661196, 818
123, generated123.png, generated124.png, 1, 233.353, 135.109, 109.985, 112.079, 171.617, 123.584, -0.983019, -0.183501, 125.499, -2.957045, 1910
124, generated124.png, generated125.png, 1, 70.880, 454.032, 93.677, 538.626, 82.210, 496.075, 0.260210, 0.965552, 87.612, 1.307557, 2015
125, generated125.png, generated126.png, 1, 333.251, 162.126, 226.295, 238.007, 278.848, 200.723, -0.815592, 0.578628, 131.139, 2.524547, 4317
126, generated126.png, generated127.png, 1, 6.519, 468.851, 53.093, 542.032, 30.439, 506.436, 0.536908, 0.843641, 86.744, 1.004028, 3947
127, generated127.png, generated128.png, 1, 617.925, 318.478, 504.938, 315.063, 562.916, 316.816, -0.999544, -0.030211, 113.039, -3.111377, 3725
128, generated128.png, generated129.png, 1, 322.064, 161.074, 271.944, 164.052, 296.472, 162.594, -0.998239, 0.059324, 50.209, 3.082233, 1371
129, generated129.png, generated130.png, 1, 455.420, 448.135, 434.813, 512.261, 444.750, 481.341, -0.305942, 0.952050, 67.356, 1.881724, 1259
130, generated130.png, generated131.png, 1, 217.479, 229.472, 234.696, 280.413, 226.050, 254.832, 0.320184, 0.947355, 53.771, 1.244873, 1694
131, generated131.png, generated132.png, 1, 206.055, 381.153, 217.575, 450.568, 212.238, 418.408, 0.163715, 0.986508, 70.365, 1.406341, 2015
132, generated132.png, generated133.png, 1, 500.260, 208.137, 514.828, 286.847, 507.657, 248.103, 0.181992, 0.983300, 80.047, 1.387784, 1915
133, generated133.png, generated134.png, 1, 239.766, 200.736, 234.290, 267.860, 237.046, 234.080, -0.081313, 0.996689, 67.347, 1.652199, 1660
134, generated134.png, generated135.png, 1, 526.885, 411.319, 460.989, 355.646, 493.958, 383.501, -0.763878, -0.645361, 86.266, -2.440097, 4697
136, generated136.png, generated137.png, 1, 295.815, 493.436, 233.558, 467.042, 263.117, 479.574, -0.920678, -0.390324, 67.621, -2.740609, 1379
137, generated137.png, generated138.png, 1, 491.117, 175.144, 519.344, 211.969, 505.095, 193.380, 0.608362, 0.793659, 46.400, 0.916801, 1159
138, generated138.png, generated139.png, 1, 65.988, 5.049, 100.781, 75.643, 82.263, 38.070, 0.442083, 0.896974, 78.703, 1.112877, 2370
139, generated139.png, generated140.png, 1, 408.009, 589.254, 352.005, 589.153, 379.522, 589.203, -0.999998, -0.001802, 56.004, -3.139791, 533
142, generated142.png, generated143.png, 1, 471.066, 169.129, 419.979, 165.280, 446.060, 167.245, -0.997173, -0.075136, 51.232, -3.066386, 1076
143, generated143.png, generated144.png, 1, 53.981, 291.312, 34.029, 354.055, 43.501, 324.270, -0.303037, 0.952979, 65.839, 1.878674, 1993
144, generated144.png, generated145.png, 1, 427.068, 312.190, 464.928, 405.435, 446.149, 359.185, 0.376198, 0.926539, 100.638, 1.185107, 1988
145, generated145.png, generated146.png, 1, 350.021, 82.097, 330.817, 152.496, 341.185, 114.492, -0.263173, 0.964749, 72.972, 1.837106, 2872
146, generated146.png, generated147.png, 1, 701.163, 442.904, 703.967, 476.920, 702.599, 460.321, 0.082157, 0.996619, 34.132, 1.488546, 389
147, generated147.png, generated148.png, 1, 615.760, 237.227, 577.841, 229.815, 596.590, 233.480, -0.981426, -0.191841, 38.637, -2.948555, 832
148, generated148.png, generated149.png, 1, 367.657, 128.768, 296.840, 70.546, 331.378, 98.941, -0.772451, -0.635075, 91.678, -2.453487, 2253
149, generated149.png, generated150.png, 1, 596.101, 588.440, 524.088, 587.135, 558.454, 587.758, -0.999836, -0.018114, 72.024, -3.123478, 901
150, generated150.png, generated151.png, 1, 286.159, 6.521, 253.902, 14.314, 270.392, 10.330, -0.972036, 0.234831, 33.186, 2.904548, 558
151, generated151.png, generated152.png, 1, 594.248, 589.834, 501.121, 561.934, 548.867, 576.239, -0.957936, -0.286983, 97.217, -2.850517, 2301
152, generated152.png, generated153.png, 1, 568.461, 130.654, 498.791, 116.973, 535.117, 124.106, -0.981258, -0.192696, 71.000, -2.947684, 2623
153, generated153.png, generated154.png, 1, 25.814, 25.719, 45.134, 81.608, 35.006, 52.310, 0.326727, 0.945119, 59.134, 1.237958, 1610
154, generated154.png, generated155.png, 1, 708.648, 489.996, 639.222, 445.206, 674.938, 468.249, -0.840302, -0.542119, 82.620, -2.568636, 2566
156, generated156.png, generated157.png, 1, 467.956, 509.700, 437.803, 526.650, 453.432, 517.864, -0.871720, 0.490005, 34.590, 2.629497, 435
157, generated157.png, generated158.png, 1, 578.010, 94.386, 525.984, 94.748, 551.856, 94.568, -0.999976, 0.006959, 52.027, 3.134634, 984
158, generated158.png, generated159.png, 1, 185.774, 21.351, 113.890, 31.195, 148.394, 26.470, -0.990752, 0.135682, 72.555, 3.005491, 2872
159, generated159.png, generated160.png, 1, 581.039, 411.967, 622.591, 461.344, 602.272, 437.198, 0.643880, 0.765126, 64.534, 0.871237, 1246
160, generated160.png, generated161.png, 1, 333.071, 79.620, 340.715, 121.236, 336.493, 98.249, 0.180663, 0.983545, 42.313, 1.389136, 791
161, generated161.png, generated162.png, 1, 705.477, 404.127, 728.621, 522.879, 718.429, 470.586, 0.191298, 0.981532, 120.986, 1.378312, 1614
162, generated162.png, generated163.png, 1, 723.910, 265.095, 688.588, 246.714, 706.159, 255.858, -0.887073, -0.461630, 39.819, -2.661761, 979
163, generated163.png, generated164.png, 1, 368.685, 151.905, 325.478, 134.131, 344.537, 141.971, -0.924807, -0.380436, 46.720, -2.751325, 1047
164, generated164.png, generated165.png, 1, 550.765, 395.919, 527.060, 382.402, 535.489, 387.209, -0.868687, -0.495362, 27.288, -2.623342, 139
166, generated166.png, generated167.png, 1, 660.405, 472.856, 628.594, 466.851, 645.453, 470.034, -0.982645, -0.185494, 32.372, -2.955018, 625
167, generated167.png, generated168.png, 1, 689.693, 234.412, 669.783, 267.871, 679.566, 251.429, -0.511370, 0.859361, 38.934, 2.107575, 948
168, generated168.png, generated169.png, 1, 173.956, 264.902, 176.906, 324.055, 175.488, 295.631, 0.049807, 0.998759, 59.226, 1.520968, 1446
169, generated169.png, generated170.png, 1, 682.105, 249.028, 665.364, 312.097, 673.101, 282.948, -0.256542, 0.966533, 65.253, 1.830239, 890
170, generated170.png, generated171.png, 1, 9.404, 9.180, 7.822, 74.190, 8.603, 42.080, -0.024317, 0.999704, 65.029, 1.595116, 991
171, generated171.png, generated172.png, 1, 337.984, 432.019, 328.660, 424.417, 333.300, 428.200, -0.775054, -0.631895, 12.031, -2.457597, 70
173, generated173.png, generated174.png, 1, 70.697, 92.959, 47.231, 99.792, 58.953, 96.378, -0.960125, 0.279572, 24.441, 2.858245, 386
174, generated174.png, generated175.png, 1, 294.141, 405.921, 336.654, 491.676, 316.161, 450.338, 0.444165, 0.895945, 95.714, 1.110554, 1356
175, generated175.png, generated176.png, 1, 276.409, 298.487, 262.341, 342.110, 269.399, 320.225, -0.306930, 0.951732, 45.835, 1.882762, 848
177, generated177.png, generated178.png, 1, 707.156, 360.269, 654.970, 325.556, 682.974, 344.184, -0.832618, -0.553848, 62.677, -2.554613, 1010
178, generated178.png, generated179.png, 1, 277.456, 359.346, 207.802, 310.848, 243.208, 335.500, -0.820668, -0.571405, 84.874, -2.533375, 1830
179, generated179.png, generated180.png, 1, 497.515, 579.260, 438.489, 538.170, 469.191, 559.543, -0.820719, -0.571332, 71.920, -2.533464, 1304
181, generated181.png, generated182.png, 1, 502.489, 558.090, 465.819, 548.706, 483.644, 553.267, -0.968782, -0.247914, 37.851, -2.891066, 610
182, generated182.png, generated183.png, 1, 622.583, 218.956, 567.106, 194.757, 595.167, 206.997, -0.916596, -0.399814, 60.525, -2.730278, 1346
183, generated183.png, generated184.png, 1, 54.178, 336.243, 56.931, 402.212, 55.425, 366.122, 0.041688, 0.999131, 66.026, 1.529096, 835
184, generated184.png, generated185.png, 1, 729.609, 436.432, 668.643, 381.289, 700.584, 410.179, -0.741645, -0.670793, 82.205, -2.406315, 2493
185, generated185.png, generated186.png, 1, 273.018, 24.092, 198.769, 38.835, 236.368, 31.369, -0.980853, 0.194748, 75.699, 2.945592, 1726
186, generated186.png, generated187.png, 1, 669.125, 387.888, 714.420, 438.519, 693.098, 414.685, 0.666740, 0.745291, 67.935, 0.840971, 1331
187, generated187.png, generated188.png, 1, 652.870, 330.226, 596.653, 302.668, 627.378, 317.730, -0.897915, -0.440168, 62.608, -2.685807, 1381
188, generated188.png, generated189.png, 1, 236.028, 9.250, 182.901, 15.098, 209.684, 12.150, -0.993996, 0.109418, 53.448, 3.031955, 1215
189, generated189.png, generated190.png, 1, 440.660, 497.590, 399.423, 531.720, 419.530, 515.078, -0.770366, 0.637603, 53.529, 2.450211, 1167
191, generated191.png, generated192.png, 1, 668.250, 385.475, 648.024, 375.849, 658.194, 380.689, -0.902952, -0.429741, 22.400, -2.697387, 196
192, generated192.png, generated193.png, 1, 651.473, 331.149, 668.420, 391.164, 659.987, 361.299, 0.271761, 0.962365, 62.362, 1.295573, 1285
193, generated193.png, generated194.png, 1, 130.046, 354.158, 141.959, 426.172, 136.363, 392.344, 0.163209, 0.986591, 72.993, 1.406854, 1297
194, generated194.png, generated195.png, 1, 642.674, 318.222, 703.519, 407.687, 673.970, 364.239, 0.562361, 0.826892, 108.195, 0.973558, 2060
195, generated195.png, generated196.png, 1, 303.416, 284.380, 276.651, 294.032, 289.603, 289.361, -0.940694, 0.339258, 28.452, 2.795465, 310
196, generated196.png, generated197.png, 1, 628.247, 390.765, 569.107, 426.816, 599.179, 408.485, -0.853863, 0.520499, 69.262, 2.594158, 1131
197, generated197.png, generated198.png, 1, 677.995, 172.018, 631.620, 157.956, 654.277, 164.826, -0.956974, -0.290172, 48.460, -2.847186, 737
198, generated198.png, generated199.png, 1, 281.708, 303.626, 262.472, 318.607, 271.977, 311.205, -0.788964, 0.614439, 24.381, 2.479918, 386
199, generated199.png, generated200.png, 1, 540.754, 233.625, 509.984, 328.671, 526.820, 276.667, -0.308001, 0.951386, 99.902, 1.883888, 1773
200, generated200.png, generated201.png, 1, 42.586, -12.659, -14.777, 134.229, 21.240, 42.000, -0.363768, 0.931490, 157.691, 1.943106, 3416
201, generated201.png, generated202.png, 1, 84.754, 540.377, 16.295, 592.066, 50.740, 566.059, -0.798068, 0.602568, 85.782, 2.494878, 2453
202, generated202.png, generated203.png, 1, 376.669, 362.168, 292.909, 322.924, 334.988, 342.639, -0.905537, -0.424267, 92.498, -2.703441, 3483
203, generated203.png, generated204.png, 1, 12.867, 446.991, 12.743, 536.004, 12.803, 492.743, -0.001396, 0.999999, 89.012, 1.572193, 1679
204, generated204.png, generated205.png, 1, 88.860, 99.862, 135.704, 150.075, 112.416, 125.112, 0.682149, 0.731214, 68.671, 0.820099, 1019
205, generated205.png, generated206.png, 1, 666.482, -22.665, 554.123, 69.135, 598.247, 33.085, -0.774397, 0.632701, 145.092, 2.456557, 3594
206, generated206.png, generated207.png, 1, 322.083, 141.510, 232.966, 139.870, 283.078, 140.793, -0.999831, -0.018398, 89.132, -3.123194, 752
207, generated207.png, generated208.png, 1, 537.322, 81.694, 458.895, 70.756, 498.921, 76.338, -0.990416, -0.138119, 79.186, -3.003031, 2920
208, generated208.png, generated209.png, 1, 672.026, 307.209, 561.849, 303.522, 617.831, 305.396, -0.999441, -0.033446, 110.239, -3.108141, 1747
209, generated209.png, generated210.png, 1, 365.617, 141.018, 299.891, 132.883, 333.701, 137.068, -0.992427, -0.122837, 66.227, -3.018444, 1036
210, generated210.png, generated211.png, 1, 646.859, 331.865, 581.313, 400.300, 615.714, 364.382, -0.691695, 0.722189, 94.761, 2.334630, 1570
211, generated211.png, generated212.png, 1, 467.292, 122.702, 402.658, 95.822, 433.419, 108.615, -0.923333, -0.384001, 70.001, -2.747467, 1409
212, generated212.png, generated213.png, 1, 728.065, 206.901, 654.045, 158.849, 696.097, 186.148, -0.838760, -0.544501, 88.248, -2.565799, 1954
213, generated213.png, generated214.png, 1, 279.918, 5.304, 207.020, 34.558, 241.784, 20.608, -0.928059, 0.372434, 78.549, 2.759963, 1223
214, generated214.png, generated215.png, 1, 726.011, 592.698, 624.002, 591.804, 671.346, 592.219, -0.999962, -0.008758, 102.014, -3.132835, 457
215, generated215.png, generated216.png, 1, 313.300, 473.636, 251.671, 491.889, 285.252, 481.943, -0.958829, 0.283986, 64.275, 2.853644, 1203
216, generated216.png, generated217.png, 1, 540.020, 106.903, 466.574, 92.115, 505.197, 99.891, -0.980327, -0.197381, 74.919, -2.942907, 690
217, generated217.png, generated218.png, 1, 371.093, 18.003, 290.988, 18.939, 328.141, 18.505, -0.999932, 0.011680, 80.111, 3.129912, 1770
218, generated218.png, generated219.png, 1, 669.646, 67.930, 588.457, 81.828, 627.047, 75.222, -0.985662, 0.168732, 82.370, 2.972050, 428
219, generated219.png, generated220.png, 1, 750.636, 540.472, 734.275, 597.249, 741.071, 573.663, -0.276905, 0.960897, 59.088, 1.851368, 603
220, generated220.png, generated221.png, 1, 421.237, 66.525, 378.152, 135.717, 399.930, 100.742, -0.528582, 0.848882, 81.510, 2.127725, 2014
221, generated221.png, generated222.png, 1, 325.649, 123.839, 274.493, 98.986, 300.073, 111.414, -0.899470, -0.436983, 56.874, -2.689351, 1329
222, generated222.png, generated223.png, 1, 118.899, 13.272, 115.352, 103.211, 117.354, 52.438, -0.039407, 0.999223, 90.009, 1.610214, 2126
223, generated223.png, generated224.png, 1, 422.549, 57.631, 394.838, 117.926, 408.695, 87.776, -0.417597, 0.908633, 66.358, 2.001595, 1206
224, generated224.png, generated225.png, 1, 293.756, 388.072, 291.387, 446.097, 292.467, 419.642, -0.040789, 0.999168, 58.074, 1.611596, 674
225, generated225.png, generated226.png, 1, 201.778, 178.964, 188.872, 259.140, 195.760, 216.348, -0.158925, 0.987291, 81.208, 1.730398, 1062
226, generated226.png, generated227.png, 1, 741.879, 578.868, 692.890, 575.690, 718.514, 577.353, -0.997902, -0.064738, 49.091, -3.076810, 868
227, generated227.png, generated228.png, 1, 723.870, 225.664, 670.943, 215.292, 698.625, 220.717, -0.981335, -0.192308, 53.934, -2.948079, 614
228, generated228.png, generated229.png, 1, 273.678, 333.403, 238.590, 364.779, 256.308, 348.936, -0.745435, 0.666579, 47.070, 2.411983, 1303
229, generated229.png, generated230.png, 1, 372.890, 127.180, 334.068, 103.530, 355.112, 116.350, -0.854014, -0.520250, 45.459, -2.594449, 277
230, generated230.png, generated231.png, 1, 418.405, 500.498, 368.401, 551.535, 394.249, 525.153, -0.699842, 0.714298, 71.450, 2.345972, 967
231, generated231.png, generated232.png, 1, 374.073, 140.761, 331.031, 141.594, 355.163, 141.127, -0.999813, 0.019337, 43.050, 3.122255, 552
232, generated232.png, generated233.png, 1, 544.147, 229.788, 481.556, 199.932, 515.356, 216.054, -0.902580, -0.430523, 69.348, -2.696520, 869
233, generated233.png, generated234.png, 1, 644.313, 27.752, 621.034, 86.642, 633.128, 56.046, -0.367607, 0.929981, 63.324, 1.947231, 452
234, generated234.png, generated235.png, 1, 87.778, 66.393, 99.682, 103.424, 94.068, 85.959, 0.306019, 0.952025, 38.897, 1.259787, 295
235, generated235.png, generated236.png, 1, 589.701, 340.142, 584.938, 397.328, 586.993, 372.653, -0.083005, 0.996549, 57.384, 1.653897, 588
236, generated236.png, generated237.png, 1, 653.021, 138.207, 609.853, 142.537, 631.290, 140.387, -0.995007, 0.099810, 43.384, 3.041616, 390
237, generated237.png, generated238.png, 1, 557.877, 189.375, 492.972, 168.086, 527.074, 179.271, -0.950193, -0.311664, 68.307, -2.824649, 815
238, generated238.png, generated239.png, 1, 646.001, 82.490, 590.000, 82.431, 618.217, 82.461, -0.999999, -0.001055, 56.001, -3.140538, 410
239, generated239.png, generated240.png, 1, 554.908, 357.567, 547.399, 393.876, 551.038, 376.276, -0.202527, 0.979277, 37.077, 1.774734, 754
240, generated240.png, generated241.png, 1, 454.345, 473.177, 404.045, 502.666, 428.703, 488.210, -0.862668, 0.505770, 58.307, 2.611318, 838
241, generated241.png, generated242.png, 1, 170.330, 251.545, 145.060, 288.720, 159.275, 267.807, -0.562174, 0.827019, 44.951, 2.167808, 327
242, generated242.png, generated243.png, 1, 115.503, 191.475, 73.107, 150.845, 93.867, 170.741, -0.721987, -0.691906, 58.722, -2.377466, 452
243, generated243.png, generated244.png, 1, 11.764, 37.997, 11.046, 102.989, 11.451, 66.322, -0.011048, 0.999939, 64.996, 1.581845, 565
244, generated244.png, generated245.png, 1, 467.470, 230.917, 461.792, 267.280, 464.433, 250.366, -0.154276, 0.988028, 36.803, 1.725691, 314
245, generated245.png, generated246.png, 1, 471.533, 481.007, 436.910, 541.949, 453.981, 511.901, -0.493986, 0.869470, 70.090, 2.087464, 638
246, generated246.png, generated247.png, 1, 493.081, 563.661, 465.374, 548.325, 477.789, 555.197, -0.874917, -0.484274, 31.668, -2.636060, 223
247, generated247.png, generated248.png, 1, 188.417, 35.076, 128.311, 13.369, 165.009, 26.622, -0.940545, -0.339669, 63.905, -2.795028, 447
248, generated248.png, generated249.png, 1, 46.777, 315.157, 3.624, 326.580, 22.653, 321.543, -0.966708, 0.255884, 44.639, 2.882831, 291
249, generated249.png, generated250.png, 1, 655.554, 561.988, 613.795, 585.417, 634.093, 574.029, -0.872105, 0.489319, 47.883, 2.630284, 378
250, generated250.png, generated251.png, 1, 205.548, 232.855, 215.012, 268.733, 210.746, 252.562, 0.255041, 0.966930, 37.105, 1.312906, 201
251, generated251.png, generated252.png, 1, 323.028, 262.918, 325.352, 292.052, 324.139, 276.843, 0.079511, 0.996834, 29.226, 1.491202, 166
252, generated252.png, generated253.png, 1, 375.105, 2.808, 319.991, 0.178, 353.161, 1.761, -0.998864, -0.047659, 55.176, -3.093916, 205
253, generated253.png, generated254.png, 1, 16.468, 6.990, 17.197, 41.017, 16.836, 24.155, 0.021422, 0.999771, 34.035, 1.549373, 213
254, generated254.png, generated255.png, 1, 511.745, 367.076, 525.989, 414.603, 518.925, 391.034, 0.287080, 0.957907, 49.615, 1.279620, 321
255, generated255.png, generated256.png, 1, 469.964, 153.479, 414.996, 152.150, 445.260, 152.882, -0.999708, -0.024168, 54.984, -3.117422, 423
256, generated256.png, generated257.png, 1, 532.384, 395.969, 529.862, 446.194, 530.908, 425.366, -0.050155, 0.998741, 50.288, 1.620972, 456
257, generated257.png, generated258.png, 1, 562.057, 299.509, 500.997, 298.121, 533.324, 298.856, -0.999742, -0.022720, 61.075, -3.118871, 333
258, generated258.png, generated259.png, 1, 477.014, 152.113, 410.983, 151.081, 444.725, 151.609, -0.999878, -0.015633, 66.039, -3.125959, 516
259, generated259.png, generated260.png, 1, 81.046, 535.863, 85.134, 567.113, 83.172, 552.113, 0.129713, 0.991552, 31.516, 1.440717, 239
260, generated260.png, generated261.png, 1, 640.278, 328.947, 595.812, 379.302, 618.217, 353.930, -0.661919, 0.749576, 67.177, 2.294172, 641
261, generated261.png, generated262.png, 1, 518.253, 578.291, 493.466, 559.390, 505.320, 568.429, -0.795186, -0.606365, 31.172, -2.490111, 275
262, generated262.png, generated263.png, 1, 523.470, 358.900, 526.329, 400.978, 524.706, 377.095, 0.067802, 0.997699, 42.175, 1.502943, 211
263, generated263.png, generated264.png, 1, 51.319, 506.039, 38.064, 543.023, 43.973, 526.534, -0.337374, 0.941371, 39.287, 1.914923, 526
264, generated264.png, generated265.png, 1, 39.516, 545.941, 33.901, 591.988, 36.617, 569.718, -0.121058, 0.992645, 46.388, 1.692152, 206
265, generated265.png, generated266.png, 1, 95.254, -5.036, 49.209, 29.216, 71.635, 12.533, -0.802344, 0.596861, 57.387, 2.502009, 694
266, generated266.png, generated267.png, 1, 561.941, 107.393, 535.924, 103.511, 550.050, 105.619, -0.989056, -0.147542, 26.306, -2.993510, 160
267, generated267.png, generated268.png, 1, 312.102, 183.876, 271.948, 188.555, 290.716, 186.368, -0.993279, 0.115746, 40.426, 3.025587, 356
268, generated268.png, generated269.png, 1, 601.600, 17.029, 562.265, 33.215, 578.605, 26.491, -0.924768, 0.380531, 42.535, 2.751222, 167
269, generated269.png, generated270.png, 1, 154.223, 260.172, 131.198, 290.152, 141.869, 276.257, -0.609117, 0.793081, 37.802, 2.225743, 222
270, generated270.png, generated271.png, 1, 33.076, 151.445, 25.800, 189.772, 30.493, 165.054, -0.186529, 0.982449, 39.012, 1.758424, 205
271, generated271.png, generated272.png, 1, 737.999, 123.954, 696.976, 125.263, 716.982, 124.625, -0.999491, 0.031888, 41.043, 3.109699, 112
272, generated272.png, generated273.png, 1, 335.997, 5.964, 299.980, 8.739, 316.573, 7.461, -0.997044, 0.076829, 36.124, 3.064688, 178
273, generated273.png, generated274.png, 1, 10.360, 165.662, 19.412, 202.146, 14.850, 183.759, 0.240803, 0.970574, 37.589, 1.327603, 187
274, generated274.png, generated275.png, 1, 301.785, 69.141, 314.552, 88.639, 308.275, 79.053, 0.547797, 0.836611, 23.306, 0.991067, 171
275, generated275.png, generated276.png, 1, 88.986, 520.437, 68.503, 566.666, 78.012, 545.204, -0.405107, 0.914269, 50.564, 1.987893, 564
276, generated276.png, generated277.png, 1, 41.565, 129.479, 15.799, 106.118, 27.606, 116.823, -0.740838, -0.671684, 34.780, -2.405113, 175
277, generated277.png, generated278.png, 1, 373.028, 41.561, 326.043, 43.868, 349.992, 42.692, -0.998797, 0.049043, 47.042, 3.092530, 260
278, generated278.png, generated279.png, 1, 409.147, 77.224, 376.114, 87.370, 392.294, 82.400, -0.955924, 0.293613, 34.557, 2.843588, 507
279, generated279.png, generated280.png, 1, 460.141, 415.579, 454.461, 446.376, 456.599, 434.781, -0.181379, 0.983413, 31.316, 1.753185, 352
280, generated280.png, generated281.png, 1, 20.952, 167.006, 25.479, 205.062, 23.443, 187.949, 0.118121, 0.992999, 38.325, 1.452399, 176
281, generated281.png, generated282.png, 1, 348.022, 439.422, 321.937, 440.786, 335.365, 440.084, -0.998635, 0.052235, 26.121, 3.089334, 167
282, generated282.png, generated283.png, 1, 711.207, 297.608, 706.666, 329.953, 709.289, 311.274, -0.139032, 0.990288, 32.662, 1.710280, 201
283, generated283.png, generated284.png, 1, 643.004, 313.856, 646.954, 368.932, 644.846, 339.538, 0.071529, 0.997439, 55.217, 1.499206, 409
284, generated284.png, generated285.png, 1, 606.478, 561.109, 598.976, 593.995, 602.586, 578.171, -0.222403, 0.974955, 33.730, 1.795075, 140
285, generated285.png, generated286.png, 1, 51.349, 297.409, 19.383, 310.493, 34.899, 304.142, -0.925466, 0.378831, 34.540, 2.753059, 169
286, generated286.png, generated287.png, 1, 455.397, 101.749, 471.991, 128.006, 463.694, 114.878, 0.534254, 0.845324, 31.061, 1.007171, 353
287, generated287.png, generated288.png, 1, 733.001, 0.098, 692.995, 0.638, 710.403, 0.403, -0.999909, 0.013475, 40.010, 3.128118, 67
288, generated288.png, generated289.png, 1, 436.975, 188.715, 411.818, 208.771, 424.228, 198.877, -0.781925, 0.623373, 32.174, 2.468544, 569
289, generated289.png, generated290.png, 1, 113.602, 288.228, 81.238, 269.869, 98.442, 279.628, -0.869799, -0.493406, 37.208, -2.625591, 557
290, generated290.png, generated291.png, 1, 462.285, 463.547, 410.128, 489.228, 436.990, 476.002, -0.897146, 0.441735, 58.137, 2.684061, 607
291, generated291.png, generated292.png, 1, 50.586, 118.000, 70.591, 146.289, 60.849, 132.513, 0.577370, 0.816482, 34.648, 0.955292, 548
292, generated292.png, generated293.png, 1, 339.974, 376.308, 298.795, 352.618, 319.658, 364.621, -0.866804, -0.498649, 47.507, -2.619553, 319
293, generated293.png, generated294.png, 1, 639.187, 350.652, 601.546, 363.689, 621.240, 356.868, -0.944936, 0.327256, 39.835, 2.808194, 288
294, generated294.png, generated295.png, 1, 738.021, 381.950, 700.996, 381.226, 720.184, 381.602, -0.999809, -0.019555, 37.032, -3.122036, 266
295, generated295.png, generated296.png, 1, 630.867, 471.989, 628.231, 505.098, 629.441, 489.899, -0.079376, 0.996845, 33.213, 1.650256, 179
296, generated296.png, generated297.png, 1, 133.060, 135.416, 111.799, 121.303, 122.687, 128.531, -0.833157, -0.553037, 25.519, -2.555587, 179
297, generated297.png, generated298.png, 1, 702.672, 323.011, 702.184, 354.003, 702.425, 338.676, -0.015730, 0.999876, 30.996, 1.586527, 275
298, generated298.png, generated299.png, 1, 386.230, 310.966, 390.234, 337.965, 388.133, 323.796, 0.146725, 0.989177, 27.295, 1.423540, 113
299, generated299.png, generated300.png, 1, 513.358, 256.980, 515.158, 289.159, 514.421, 275.974, 0.055866, 0.998438, 32.229, 1.514901, 233
300, generated300.png, generated301.png, 1, 38.288, 448.107, 18.934, 500.346, 29.679, 471.343, -0.347414, 0.937712, 55.709, 1.925608, 312
301, generated301.png, generated302.png, 1, 225.135, 107.356, 196.026, 110.264, 208.628, 109.005, -0.995048, 0.099398, 29.254, 3.042030, 368
302, generated302.png, generated303.png, 1, 562.094, 155.292, 520.042, 149.682, 545.927, 153.135, -0.991216, -0.132256, 42.425, -3.008948, 399
303, generated303.png, generated304.png, 1, 26.385, 445.759, 32.467, 506.054, 29.429, 475.936, 0.100377, 0.994949, 60.600, 1.470250, 795
304, generated304.png, generated305.png, 1, 409.931, 594.256, 385.298, 587.598, 396.303, 590.572, -0.965359, -0.260925, 25.517, -2.877612, 145
305, generated305.png, generated306.png, 1, 55.338, 74.815, 39.134, 99.789, 45.861, 89.421, -0.544295, 0.838894, 29.771, 2.146345, 375
306, generated306.png, generated307.png, 1, 396.001, 241.603, 409.207, 263.479, 400.797, 249.547, 0.516797, 0.856108, 25.553, 1.027691, 64
307, generated307.png, generated308.png, 1, 693.282, 297.041, 695.585, 337.081, 694.473, 317.758, 0.057440, 0.998349, 40.106, 1.513325, 433
308, generated308.png, generated309.png, 1, 36.545, 65.327, 50.796, 85.146, 43.801, 75.418, 0.583809, 0.811891, 24.411, 0.947384, 141
309, generated309.png, generated310.png, 1, 449.154, 527.525, 420.945, 535.813, 434.802, 531.742, -0.959442, 0.281905, 29.402, 2.855813, 217
310, generated310.png, generated311.png, 1, 469.069, 317.291, 439.631, 333.323, 454.504, 325.223, -0.878202, 0.478290, 33.520, 2.642887, 264
311, generated311.png, generated312.png, 1, 421.557, 402.679, 406.714, 414.869, 413.873, 408.990, -0.772787, 0.634665, 19.208, 2.454017, 102
312, generated312.png, generated313.png, 1, 550.677, 171.267, 507.608, 154.443, 529.425, 162.965, -0.931462, -0.363840, 46.238, -2.769206, 346
313, generated313.png, generated314.png, 1, 477.157, 318.267, 441.231, 339.393, 460.936, 327.805, -0.862005, 0.506899, 41.677, 2.610009, 236
314, generated314.png, generated315.png, 1, 321.344, 272.094, 315.047, 295.013, 317.740, 285.210, -0.264947, 0.964263, 23.768, 1.838946, 100
315, generated315.png, generated316.png, 1, 438.299, 301.665, 376.948, 308.539, 407.173, 305.152, -0.993781, 0.111353, 61.734, 3.030009, 788
316, generated316.png, generated317.png, 1, 520.023, 98.938, 496.013, 99.528, 507.837, 99.237, -0.999698, 0.024583, 24.017, 3.117007, 80
317, generated317.png, generated318.png, 1, 365.873, 6.201, 322.029, 13.179, 344.662, 9.577, -0.987571, 0.157175, 44.396, 2.983763, 201
318, generated318.png, generated319.png, 1, 455.601, 512.814, 451.453, 544.060, 453.633, 527.641, -0.131592, 0.991304, 31.520, 1.702772, 256
319, generated319.png, generated320.png, 1, 399.382, 556.676, 382.978, 587.988, 391.129, 572.429, -0.464053, 0.885807, 35.349, 2.053362, 147
320, generated320.png, generated321.png, 1, 645.679, 447.359, 620.487, 459.980, 632.032, 454.196, -0.894080, 0.447907, 28.177, 2.677170, 250
321, generated321.png, generated322.png, 1, 86.190, 112.973, 89.340, 135.094, 87.627, 123.060, 0.140960, 0.990015, 22.344, 1.429365, 83
322, generated322.png, generated323.png, 1, 747.218, 336.997, 748.172, 397.013, 747.651, 364.241, 0.015900, 0.999874, 60.024, 1.554895, 212
323, generated323.png, generated324.png, 1, 25.915, 332.458, 1.878, 336.223, 12.939, 334.491, -0.987956, 0.154734, 24.330, 2.986235, 163
324, generated324.png, generated325.png, 1, 601.793, 283.914, 586.795, 296.917, 593.926, 290.735, -0.755560, 0.655079, 19.849, 2.427305, 162
325, generated325.png, generated326.png, 1, 99.481, 493.203, 67.813, 502.353, 84.183, 497.623, -0.960698, 0.277595, 32.963, 2.860302, 350
326, generated326.png, generated327.png, 1, 243.985, 143.364, 223.977, 142.561, 232.847, 142.917, -0.999195, -0.040119, 20.024, -3.101463, 72
327, generated327.png, generated328.png, 1, 353.041, 86.732, 321.999, 82.009, 337.699, 84.398, -0.988622, -0.150420, 31.399, -2.990600, 83
328, generated328.png, generated329.png, 1, 67.122, 234.265, 30.142, 228.142, 49.837, 231.403, -0.986569, -0.163347, 37.483, -2.977511, 221
329, generated329.png, generated330.png, 1, 647.528, 386.294, 663.229, 411.481, 655.980, 399.854, 0.529010, 0.848615, 29.680, 1.013362, 205
330, generated330.png, generated331.png, 1, 284.133, 470.508, 266.632, 501.359, 275.619, 485.517, -0.493423, 0.869790, 35.469, 2.086817, 331
331, generated331.png, generated332.png, 1, 673.269, 383.136, 659.530, 410.268, 666.569, 396.367, -0.451775, 0.892132, 30.412, 2.039550, 283
332, generated332.png, generated333.png, 1, 550.126, 339.123, 532.361, 357.351, 541.240, 348.240, -0.697946, 0.716151, 25.454, 2.343321, 179
333, generated333.png, generated334.png, 1, 69.701, 199.718, 64.194, 225.042, 66.939, 212.420, -0.212512, 0.977158, 25.917, 1.784941, 131
334, generated334.png, generated335.png, 1, 119.974, 381.841, 99.996, 404.997, 110.020, 393.378, -0.653235, 0.757155, 30.583, 2.282646, 148
335, generated335.png, generated336.png, 1, 3.849, 456.998, 3.215, 513.014, 3.532, 484.992, -0.011317, 0.999936, 56.019, 1.582114, 265
336, generated336.png, generated337.png, 1, 85.529, 101.977, 84.295, 127.015, 84.952, 113.675, -0.049218, 0.998788, 25.068, 1.620034, 126
337, generated337.png, generated338.png, 1, 702.323, 345.951, 664.244, 334.210, 684.104, 340.333, -0.955608, -0.294642, 39.849, -2.842512, 222
338, generated338.png, generated339.png, 1, 99.789, 47.405, 87.364, 72.687, 93.703, 59.788, -0.441067, 0.897474, 28.171, 2.027584, 165
339, generated339.png, generated340.png, 1, 85.819, 538.129, 102.870, 562.092, 93.672, 549.164, 0.579757, 0.814790, 29.411, 0.952366, 67
340, generated340.png, generated341.png, 1, 480.063, 327.128, 447.589, 343.167, 466.469, 333.842, -0.896612, 0.442817, 36.219, 2.682854, 241
341, generated341.png, generated342.png, 1, 432.947, 124.316, 401.001, 118.994, 417.083, 121.673, -0.986403, -0.164344, 32.387, -2.976500, 254
342, generated342.png, generated343.png, 1, 364.355, 489.388, 372.840, 522.042, 368.057, 503.637, 0.251509, 0.967855, 33.738, 1.316557, 157
343, generated343.png, generated344.png, 1, 432.942, 528.732, 390.005, 538.023, 410.238, 533.645, -0.977379, 0.211497, 43.931, 2.928486, 273
344, generated344.png, generated345.png, 1, 162.336, 512.285, 171.363, 533.274, 166.966, 523.051, 0.395077, 0.918648, 22.847, 1.164645, 118
345, generated345.png, generated346.png, 1, 106.013, 298.046, 80.818, 305.374, 93.663, 301.638, -0.960212, 0.279273, 26.239, 2.858555, 163
346, generated346.png, generated347.png, 1, 280.942, 106.443, 259.960, 108.617, 268.569, 107.725, -0.994674, 0.103068, 21.094, 3.038341, 51
347, generated347.png, generated348.png, 1, 309.119, 472.868, 312.320, 500.080, 310.661, 485.978, 0.116832, 0.993152, 27.399, 1.453697, 224
348, generated348.png, generated349.png, 1, 244.188, 233.036, 239.319, 258.255, 241.511, 246.902, -0.189551, 0.981871, 25.684, 1.761501, 184
349, generated349.png, generated350.png, 1, 503.472, 71.690, 486.295, 83.432, 494.487, 77.832, -0.825552, 0.564326, 20.806, 2.541975, 113
350, generated350.png, generated351.png, 1, 668.001, 1.999, 618.000, 1.952, 643.492, 1.976, -1.000000, -0.000930, 50.001, -3.140662, 248
351, generated351.png, generated352.png, 1, 402.335, 549.150, 392.460, 571.206, 396.468, 562.253, -0.408658, 0.912688, 24.166, 1.991780, 79
352, generated352.png, generated353.png, 1, 728.054, 369.775, 700.948, 363.213, 713.964, 366.364, -0.971925, -0.235290, 27.889, -2.904076, 140
353, generated353.png, generated354.png, 1, 35.503, 508.828, 3.711, 522.319, 18.086, 516.219, -0.920542, 0.390643, 34.536, 2.740262, 128
354, generated354.png, generated355.png, 1, 174.852, 260.578, 157.705, 285.868, 166.256, 273.256, -0.561181, 0.827693, 30.555, 2.166608, 297
355, generated355.png, generated356.png, 1, 394.621, 340.916, 397.775, 364.166, 396.218, 352.689, 0.134420, 0.990924, 23.463, 1.435969, 119
356, generated356.png, generated357.png, 1, 35.212, 549.455, 8.055, 562.119, 19.474, 556.794, -0.906308, 0.422617, 29.964, 2.705262, 97
357, generated357.png, generated358.png, 1, 512.247, 28.558, 489.782, 38.507, 501.560, 33.291, -0.914349, 0.404927, 24.570, 2.724694, 134
358, generated358.png, generated359.png, 1, 390.170, 336.944, 388.403, 363.027, 389.336, 349.255, -0.067596, 0.997713, 26.143, 1.638444, 137
359, generated359.png, generated360.png, 1, 542.388, 271.241, 551.554, 294.568, 547.574, 284.439, 0.365731, 0.930721, 25.064, 1.196378, 148
360, generated360.png, generated361.png, 1, 596.986, 298.564, 604.586, 315.741, 600.519, 306.549, 0.404600, 0.914494, 18.783, 1.154255, 133
361, generated361.png, generated362.png, 1, 554.346, 291.960, 535.784, 279.317, 546.147, 286.375, -0.826490, -0.562951, 22.459, -2.543641, 136
362, generated362.png, generated363.png, 1, 184.552, 216.005, 184.873, 243.013, 184.707, 229.096, 0.011891, 0.999929, 27.010, 1.558905, 188
363, generated363.png, generated364.png, 1, 298.686, 199.447, 272.586, 214.271, 286.510, 206.363, -0.869548, 0.493848, 30.016, 2.625083, 204
364, generated364.png, generated365.png, 1, 529.670, 260.144, 540.041, 283.982, 535.252, 272.976, 0.398930, 0.916981, 25.997, 1.160446, 123
365, generated365.png, generated366.png, 1, 471.052, 353.713, 467.181, 380.027, 469.151, 366.640, -0.145535, 0.989353, 26.596, 1.716850, 239
366, generated366.png, generated367.png, 1, 300.143, 393.240, 285.861, 401.766, 293.667, 397.106, -0.858618, 0.512616, 16.634, 2.603364, 66
367, generated367.png, generated368.png, 1, 668.365, 54.876, 664.046, 77.009, 666.404, 64.921, -0.191532, 0.981486, 22.550, 1.763519, 89
368, generated368.png, generated369.png, 1, 256.665, 334.981, 235.534, 362.644, 245.418, 349.704, -0.607036, 0.794674, 34.811, 2.223122, 98
369, generated369.png, generated370.png, 1, 95.086, 440.455, 75.049, 444.258, 83.984, 442.562, -0.982459, 0.186477, 20.395, 2.954017, 64
370, generated370.png, generated371.png, 1, 40.719, 468.092, 52.171, 502.944, 46.050, 484.317, 0.312188, 0.950020, 36.685, 1.253301, 139
371, generated371.png, generated372.png, 1, 137.223, 282.523, 115.771, 272.490, 126.828, 277.661, -0.905841, -0.423618, 23.682, -2.704157, 186
372, generated372.png, generated373.png, 1, 551.697, 480.508, 538.708, 514.890, 545.066, 498.060, -0.353400, 0.935472, 36.754, 1.931999, 166
373, generated373.png, generated374.png, 1, 455.295, 326.089, 433.546, 345.491, 444.453, 335.761, -0.746226, 0.665692, 29.146, 2.413171, 322
374, generated374.png, generated375.png, 1, 178.484, 83.390, 145.943, 93.821, 163.160, 88.302, -0.952267, 0.305266, 34.172, 2.831375, 437
375, generated375.png, generated376.png, 1, 596.433, 378.207, 584.276, 403.654, 590.006, 391.661, -0.431064, 0.902321, 28.202, 2.016468, 165
376, generated376.png, generated377.png, 1, 132.220, 248.512, 106.277, 259.646, 119.089, 254.148, -0.918938, 0.394402, 28.231, 2.736176, 271
377, generated377.png, generated378.png, 1, 182.131, 70.008, 149.046, 65.650, 167.637, 68.099, -0.991437, -0.130584, 33.370, -3.010635, 91
378, generated378.png, generated379.png, 1, 603.809, 384.261, 587.599, 410.372, 594.817, 398.746, -0.527428, 0.849600, 30.734, 2.126366, 240
379, generated379.png, generated380.png, 1, 404.388, 563.286, 390.863, 581.636, 397.281, 572.929, -0.593313, 0.804972, 22.796, 2.205965, 210
380, generated380.png, generated381.png, 1, 432.000, 150.059, 388.995, 150.369, 409.756, 150.220, -0.999974, 0.007215, 43.006, 3.134378, 123
381, generated381.png, generated382.png, 1, 59.844, 121.491, 43.870, 116.410, 50.727, 118.591, -0.952953, -0.303117, 16.763, -2.833630, 44
382, generated382.png, generated383.png, 1, 494.008, 154.813, 466.973, 153.619, 479.598, 154.177, -0.999026, -0.044123, 27.062, -3.097455, 164
383, generated383.png, generated384.png, 1, 234.618, 221.942, 237.735, 255.025, 236.000, 236.610, 0.093806, 0.995591, 33.230, 1.476852, 105
384, generated384.png, generated385.png, 1, 449.399, 395.880, 445.329, 416.265, 447.279, 406.500, -0.195787, 0.980647, 20.788, 1.767856, 140
385, generated385.png, generated386.png, 1, 449.458, 339.161, 429.773, 375.332, 439.560, 357.348, -0.478025, 0.878346, 41.181, 2.069201, 207
386, generated386.png, generated387.png, 1, 589.035, 114.577, 565.002, 116.035, 576.494, 115.338, -0.998163, 0.060579, 24.077, 3.080977, 77
387, generated387.png, generated388.png, 1, 525.112, 348.593, 506.172, 343.375, 516.000, 346.082, -0.964079, -0.265614, 19.646, -2.872751, 73
388, generated388.png, generated389.png, 1, 418.967, 180.184, 389.997, 175.015, 403.012, 177.337, -0.984455, -0.175639, 29.427, -2.965037, 86
389, generated389.png, generated390.png, 1, 488.623, 247.130, 483.647, 270.926, 485.890, 260.200, -0.204701, 0.978825, 24.311, 1.776955, 100
390, generated390.png, generated391.png, 1, 380.468, 325.928, 376.287, 356.904, 378.246, 342.387, -0.133786, 0.991010, 31.256, 1.704984, 142
391, generated391.png, generated392.png, 1, 416.045, 113.361, 401.031, 115.249, 408.370, 114.326, -0.992185, 0.124773, 15.132, 3.016494, 46
392, generated392.png, generated393.png, 1, 532.336, 353.912, 529.807, 373.106, 531.071, 363.509, -0.130617, 0.991433, 19.360, 1.701787, 112
393, generated393.png, generated394.png, 1, 284.988, 221.865, 261.996, 223.953, 272.733, 222.978, -0.995901, 0.090450, 23.087, 3.051018, 45
394, generated394.png, generated395.png, 1, 711.222, 69.998, 711.447, 92.006, 711.342, 81.795, 0.010246, 0.999948, 22.009, 1.560551, 73
395, generated395.png, generated396.png, 1, 651.046, 314.328, 628.018, 312.741, 639.707, 313.547, -0.997632, -0.068776, 23.083, -3.072762, 150
396, generated396.png, generated397.png, 1, 435.002, 116.008, 410.934, 120.657, 422.067, 118.507, -0.981855, 0.189632, 24.513, 2.950806, 75
397, generated397.png, generated398.png, 1, 321.072, 163.087, 292.001, 165.019, 306.083, 164.083, -0.997799, 0.066312, 29.135, 3.075232, 108
398, generated398.png, generated399.png, 1, 277.180, 305.934, 278.697, 333.073, 277.897, 318.752, 0.055835, 0.998440, 27.181, 1.514932, 145
399, generated399.png, generated400.png, 1, 678.511, 383.876, 673.311, 404.333, 675.656, 395.107, -0.246353, 0.969180, 21.108, 1.819712, 131
