# pair_index, img_from, img_to, component_id, start_x, start_y, end_x, end_y, centroid_x, centroid_y, unit_dir_x, unit_dir_y, length_px, angle_rad, size_pixels
0, generated0.png, generated1.png, 1, 559.886, 128.614, 127.442, 305.359, 350.187, 214.321, -0.925670, 0.378332, 467.169, 2.753599, 104279
1, generated1.png, generated2.png, 1, 434.989, -40.697, 711.479, 387.242, 575.072, 176.117, 0.542682, 0.839938, 509.489, 0.997170, 126620
2, generated2.png, generated3.png, 1, 370.884, 72.978, -20.474, 332.075, 137.546, 227.459, -0.833825, 0.552029, 469.352, 2.556797, 52835
3, generated3.png, generated4.png, 1, 764.003, 255.886, 353.521, 69.913, 572.908, 169.309, -0.910875, -0.412681, 450.645, -2.716197, 72164
4, generated4.png, generated5.png, 1, 504.654, 60.396, 53.463, 180.467, 265.108, 124.144, -0.966366, 0.257169, 466.894, 2.881501, 42490
5, generated5.png, generated6.png, 1, 178.570, 336.651, -17.863, 254.943, 75.504, 293.780, -0.923308, -0.384060, 212.748, -2.747404, 21713
6, generated6.png, generated7.png, 1, 749.799, 89.107, 279.939, 82.008, 523.218, 85.684, -0.999886, -0.015106, 469.913, -3.126486, 52009
7, generated7.png, generated8.png, 1, 504.554, 80.108, 207.515, 102.592, 357.862, 91.212, -0.997147, 0.075479, 297.889, 3.066042, 22613
8, generated8.png, generated9.png, 1, 750.367, 189.901, 475.432, 286.233, 609.471, 239.268, -0.943746, 0.330671, 291.323, 2.804578, 27149
9, generated9.png, generated10.png, 1, 126.194, -8.152, 161.993, 142.002, 143.391, 63.978, 0.231916, 0.972736, 154.363, 1.336750, 17071
10, generated10.png, generated11.png, 1, 501.942, 255.071, 363.854, 251.193, 431.922, 253.105, -0.999606, -0.028070, 138.142, -3.113519, 7443
11, generated11.png, generated12.png, 1, 753.086, 47.408, 334.081, 8.134, 586.489, 31.792, -0.995636, -0.093323, 420.841, -3.048134, 23458
12, generated12.png, generated13.png, 1, 10.575, -6.313, 95.195, 135.435, 55.785, 69.419, 0.512583, 0.858638, 165.085, 1.032606, 14285
13, generated13.png, generated14.png, 1, 376.129, 213.143, 178.203, 267.085, 278.686, 239.700, -0.964811, 0.262943, 205.145, 2.875521, 16268
14, generated14.png, generated15.png, 1, 188.120, 207.431, 55.082, 179.347, 121.538, 193.376, -0.978438, -0.206542, 135.970, -2.933554, 8261
15, generated15.png, generated16.png, 1, 750.207, 290.441, 501.567, 337.028, 633.280, 312.350, -0.982896, 0.184162, 252.966, 2.956374, 13136
16, generated16.png, generated17.png, 1, 508.304, 93.757, 372.816, 104.728, 440.265, 99.266, -0.996738, 0.080707, 135.932, 3.060798, 8900
17, generated17.png, generated18.png, 1, 206.066, 196.159, 38.854, 192.256, 122.050, 194.198, -0.999728, -0.023337, 167.258, -3.118253, 12608
18, generated18.png, generated19.png, 1, 443.338, 158.954, 480.010, 346.113, 460.191, 244.965, 0.192282, 0.981340, 190.718, 1.377309, 12812
19, generated19.png, generated20.png, 1, 196.427, 56.789, 36.538, 135.138, 117.397, 95.515, -0.897984, 0.440029, 178.053, 2.685962, 10519
20, generated20.png, generated21.png, 1, 346.321, 336.458, 175.450, 358.793, 273.778, 345.940, -0.991565, 0.129610, 172.325, 3.011617, 4873
21, generated21.png, generated22.png, 1, 749.340, 161.535, 511.921, 172.259, 629.094, 166.967, -0.998981, 0.045123, 237.661, 3.096455, 9437
22, generated22.png, generated23.png, 1, 389.145, 95.462, 208.676, 78.440, 298.819, 86.943, -0.995582, -0.093900, 181.270, -3.047554, 8187
23, generated23.png, generated24.png, 1, 488.827, 347.067, 419.595, 349.083, 455.252, 348.045, -0.999576, 0.029114, 69.262, 3.112475, 2010
24, generated24.png, generated25.png, 1, 319.800, 194.210, 223.470, 274.740, 272.462, 233.784, -0.767226, 0.641376, 125.557, 2.445302, 6482
25, generated25.png, generated26.png, 1, 87.332, 356.370, -5.918, 307.230, 38.184, 330.470, -0.884681, -0.466197, 105.405, -2.656606, 4194
26, generated26.png, generated27.png, 1, 641.863, 110.922, 477.840, 73.022, 559.193, 91.820, -0.974328, -0.225134, 168.345, -2.914512, 11140
27, generated27.png, generated28.png, 1, 422.977, 136.758, 279.027, 134.903, 352.569, 135.851, -0.999917, -0.012886, 143.962, -3.128707, 5773
28, generated28.png, generated29.png, 1, 265.491, 299.098, 193.481, 331.310, 229.717, 315.100, -0.912832, 0.408336, 78.887, 2.720963, 1358
29, generated29.png, generated30.png, 1, 112.676, 213.699, 183.111, 317.635, 151.142, 270.461, 0.560992, 0.827821, 125.554, 0.975213, 7564
30, generated30.png, generated31.png, 1, 224.305, 289.728, 176.433, 297.516, 200.136, 293.660, -0.987024, 0.160571, 48.501, 2.980324, 1556
31, generated31.png, generated32.png, 1, 619.530, 163.608, 441.406, 189.765, 539.970, 175.291, -0.989389, 0.145290, 180.034, 2.995787, 2808
32, generated32.png, generated33.png, 1, 133.999, 232.004, 34.175, 216.221, 83.729, 224.056, -0.987730, -0.156171, 101.065, -2.984779, 3499
33, generated33.png, generated34.png, 1, 487.302, 202.285, 420.905, 174.224, 453.445, 187.976, -0.921113, -0.389296, 72.083, -2.741725, 1873
34, generated34.png, generated35.png, 1, 57.139, 173.404, -0.393, 171.181, 27.667, 172.265, -0.999254, -0.038615, 57.575, -3.102968, 1579
35, generated35.png, generated36.png, 1, 355.656, 255.657, 274.162, 287.935, 314.590, 271.923, -0.929731, 0.368241, 87.653, 2.764477, 2402
36, generated36.png, generated37.png, 1, 444.252, 223.203, 365.760, 188.068, 404.519, 205.417, -0.912731, -0.408560, 85.997, -2.720716, 2876
37, generated37.png, generated38.png, 1, 20.926, 142.670, 7.949, 224.264, 15.159, 178.934, -0.157072, 0.987587, 82.620, 1.728522, 2333
38, generated38.png, generated39.png, 1, 137.126, 345.341, 34.206, 277.199, 86.083, 311.546, -0.833807, -0.552056, 123.433, -2.556765, 3487
39, generated39.png, generated40.png, 1, 227.819, 94.718, 171.805, 102.613, 199.366, 98.728, -0.990212, 0.139575, 56.568, 3.001561, 1594
40, generated40.png, generated41.png, 1, 749.244, 337.513, 617.446, 358.764, 687.479, 347.472, -0.987249, 0.159182, 133.501, 2.981730, 2979
41, generated41.png, generated42.png, 1, 605.062, 158.223, 521.970, 162.407, 565.495, 160.215, -0.998735, 0.050291, 83.197, 3.091281, 715
42, generated42.png, generated43.png, 1, 255.067, 183.124, 144.026, 174.665, 198.157, 178.789, -0.997111, -0.075956, 111.363, -3.065564, 2829
43, generated43.png, generated44.png, 1, 404.183, 220.318, 356.918, 247.590, 380.254, 234.125, -0.866153, 0.499779, 54.570, 2.618249, 1018
44, generated44.png, generated45.png, 1, 234.305, 101.357, 169.963, 115.835, 201.510, 108.737, -0.975609, 0.219517, 65.951, 2.920273, 1742
45, generated45.png, generated46.png, 1, 692.906, 245.599, 594.899, 268.569, 644.021, 257.056, -0.973618, 0.228186, 100.663, 2.911379, 1236
46, generated46.png, generated47.png, 1, 476.060, 154.772, 362.732, 125.023, 419.915, 140.034, -0.967229, -0.253905, 117.168, -2.884877, 4300
47, generated47.png, generated48.png, 1, 220.060, 111.580, 171.956, 116.574, 195.532, 114.127, -0.994654, 0.103262, 48.363, 3.038146, 647
48, generated48.png, generated49.png, 1, 749.930, 312.310, 691.342, 324.951, 721.301, 318.487, -0.977503, 0.210920, 59.936, 2.929077, 1148
49, generated49.png, generated50.png, 1, 242.227, 154.849, 160.210, 176.784, 199.056, 166.395, -0.966048, 0.258361, 84.900, 2.880267, 1584
50, generated50.png, generated51.png, 1, 749.256, 306.308, 568.001, 301.972, 669.512, 304.400, -0.999714, -0.023912, 181.307, -3.117678, 4735
51, generated51.png, generated52.png, 1, 750.705, 131.408, 621.564, 108.452, 693.055, 121.160, -0.984566, -0.175015, 131.165, -2.965671, 3780
52, generated52.png, generated53.png, 1, 394.069, 165.964, 312.981, 171.727, 356.027, 168.668, -0.997484, 0.070892, 81.292, 3.070641, 813
53, generated53.png, generated54.png, 1, 420.982, 287.959, 345.703, 321.575, 382.297, 305.234, -0.913094, 0.407749, 82.443, 2.721605, 1793
54, generated54.png, generated55.png, 1, 385.237, 107.799, 237.985, 111.366, 323.582, 109.293, -0.999707, 0.024216, 147.296, 3.117374, 3062
55, generated55.png, generated56.png, 1, 619.765, 242.979, 556.548, 289.740, 589.997, 264.998, -0.803961, 0.594682, 78.633, 2.504722, 1400
56, generated56.png, generated57.png, 1, 558.832, 207.879, 427.248, 156.269, 498.324, 184.147, -0.930952, -0.365143, 141.343, -2.767807, 3921
57, generated57.png, generated58.png, 1, 272.600, 128.300, -3.987, 173.723, 109.976, 155.007, -0.986781, 0.162057, 280.292, 2.978818, 8754
58, generated58.png, generated59.png, 1, 616.300, 184.644, 610.273, 247.315, 613.373, 215.081, -0.095728, 0.995408, 62.960, 1.666671, 1910
60, generated60.png, generated61.png, 1, 345.698, 252.790, 304.046, 263.186, 324.876, 257.987, -0.970238, 0.242154, 42.929, 2.897008, 555
61, generated61.png, generated62.png, 1, 559.209, 61.354, 479.800, 25.061, 521.342, 44.047, -0.909511, -0.415681, 87.310, -2.712902, 2213
62, generated62.png, generated63.png, 1, 315.451, 15.869, 197.796, 40.170, 249.805, 29.427, -0.979329, 0.202274, 120.139, 2.937913, 6388
63, generated63.png, generated64.png, 1, 653.105, 247.243, 516.746, 306.048, 586.576, 275.934, -0.918253, 0.395995, 148.499, 2.734442, 3239
64, generated64.png, generated65.png, 1, 117.129, 28.856, 54.446, 76.586, 82.312, 55.367, -0.795604, 0.605816, 78.786, 2.490801, 1561
65, generated65.png, generated66.png, 1, 693.117, 336.434, 614.179, 357.667, 654.631, 346.786, -0.965673, 0.259761, 81.743, 2.878818, 1093
66, generated66.png, generated67.png, 1, 399.702, 96.763, 373.490, 81.900, 386.435, 89.240, -0.869886, -0.493253, 30.132, -2.625768, 529
67, generated67.png, generated68.png, 1, 101.063, 85.913, 51.956, 86.971, 76.827, 86.435, -0.999768, 0.021551, 49.118, 3.120040, 1080
68, generated68.png, generated69.png, 1, 191.463, 325.134, 136.618, 347.514, 163.948, 336.362, -0.925884, 0.377807, 59.235, 2.754166, 1036
70, generated70.png, generated71.png, 1, 229.871, 266.088, 109.599, 283.087, 165.839, 275.138, -0.990159, 0.139945, 121.468, 3.001186, 4380
71, generated71.png, generated72.png, 1, 405.006, 34.997, 419.033, 62.530, 412.328, 49.369, 0.453946, 0.891029, 30.901, 1.099607, 463
72, generated72.png, generated73.png, 1, 246.502, 179.797, 197.739, 188.548, 222.204, 184.158, -0.984277, 0.176630, 49.542, 2.964031, 970
73, generated73.png, generated74.png, 1, 348.164, 257.488, 276.209, 292.581, 318.948, 271.737, -0.898803, 0.438352, 80.056, 2.687828, 1573
74, generated74.png, generated75.png, 1, 150.109, 223.581, 171.796, 255.810, 161.537, 240.564, 0.558258, 0.829667, 38.846, 0.978512, 846
75, generated75.png, generated76.png, 1, 404.657, 336.094, 357.762, 364.268, 382.019, 349.695, -0.857198, 0.514987, 54.708, 2.600600, 885
76, generated76.png, generated77.png, 1, 460.909, 71.155, 383.426, 25.576, 421.006, 47.682, -0.861933, -0.507022, 89.895, -2.609866, 1263
77, generated77.png, generated78.png, 1, 234.112, 255.388, 176.164, 202.819, 206.007, 229.892, -0.740639, -0.671904, 78.240, -2.404817, 2705
78, generated78.png, generated79.png, 1, 152.698, 222.736, 186.359, 263.360, 170.235, 243.901, 0.638031, 0.770010, 52.757, 0.878857, 920
79, generated79.png, generated80.png, 1, 33.180, 212.991, 36.419, 275.186, 35.035, 248.604, 0.051996, 0.998647, 62.280, 1.518777, 1417
80, generated80.png, generated81.png, 1, 580.290, 347.485, 456.162, 355.504, 515.519, 351.670, -0.997920, 0.064469, 124.387, 3.077079, 2186
81, generated81.png, generated82.png, 1, 445.047, 82.250, 384.362, 110.479, 413.366, 96.988, -0.906699, 0.421777, 66.929, 2.706188, 2645
83, generated83.png, generated84.png, 1, 699.961, 332.273, 619.034, 336.639, 662.812, 334.277, -0.998548, 0.053872, 81.044, 3.087694, 975
85, generated85.png, generated86.png, 1, 210.038, 309.367, 188.999, 309.958, 199.673, 309.658, -0.999605, 0.028092, 21.048, 3.113497, 196
86, generated86.png, generated87.png, 1, 633.212, 66.108, 583.457, 54.285, 608.941, 60.341, -0.972908, -0.231191, 51.140, -2.908291, 1154
87, generated87.png, generated88.png, 1, 306.993, 153.369, 174.976, 154.759, 236.042, 154.116, -0.999945, 0.010531, 132.024, 3.131062, 2265
88, generated88.png, generated89.png, 1, 353.679, 344.482, 316.186, 324.530, 334.551, 334.303, -0.882785, -0.469777, 42.472, -2.652555, 880
89, generated89.png, generated90.png, 1, 195.042, 98.134, 161.842, 108.492, 178.115, 103.415, -0.954613, 0.297849, 34.779, 2.839154, 487
90, generated90.png, generated91.png, 1, 397.818, 272.363, 320.808, 294.327, 357.723, 283.798, -0.961653, 0.274269, 80.081, 2.863764, 828
91, generated91.png, generated92.png, 1, 526.014, 12.629, 460.808, 10.239, 494.696, 11.481, -0.999329, -0.036640, 65.249, -3.104944, 1513
92, generated92.png, generated93.png, 1, 200.036, 116.799, 151.953, 118.962, 175.388, 117.908, -0.998990, 0.044939, 48.131, 3.096639, 433
93, generated93.png, generated94.png, 1, 611.843, 200.703, 549.443, 266.323, 580.483, 233.681, -0.689103, 0.724664, 90.552, 2.331047, 2043
94, generated94.png, generated95.png, 1, 148.710, 199.455, 11.065, 221.406, 77.844, 210.756, -0.987521, 0.157485, 139.385, 2.983449, 2337
95, generated95.png, generated96.png, 1, 479.132, 273.374, 397.756, 302.139, 438.635, 287.689, -0.942827, 0.333282, 86.310, 2.801810, 1465
96, generated96.png, generated97.png, 1, 671.935, 39.315, 605.470, 25.559, 637.832, 32.257, -0.979247, -0.202671, 67.873, -2.937508, 1647
97, generated97.png, generated98.png, 1, 159.832, 215.953, 9.019, 240.116, 83.491, 228.184, -0.987407, 0.158201, 152.737, 2.982724, 1892
98, generated98.png, generated99.png, 1, 732.593, 269.491, 692.402, 258.526, 711.870, 263.838, -0.964740, -0.263204, 41.660, -2.875251, 462
99, generated99.png, generated100.png, 1, 54.335, 155.885, 21.376, 196.724, 37.791, 176.384, -0.628035, 0.778185, 52.481, 2.249822, 1647
100, generated100.png, generated101.png, 1, 498.410, 315.695, 433.696, 321.746, 465.630, 318.760, -0.995656, 0.093105, 64.997, 3.048352, 1534
101, generated101.png, generated102.png, 1, 655.888, 198.802, 601.709, 229.261, 628.807, 214.027, -0.871688, 0.490061, 62.155, 2.629433, 1202
102, generated102.png, generated103.png, 1, 8.166, 182.304, 23.125, 227.619, 16.126, 206.416, 0.313457, 0.949602, 47.720, 1.251965, 1377
103, generated103.png, generated104.png, 1, 257.918, 276.964, 243.885, 308.830, 250.712, 293.328, -0.403004, 0.915198, 34.819, 1.985593, 600
104, generated104.png, generated105.png, 1, 194.778, 10.222, 120.220, 34.670, 156.343, 22.825, -0.950222, 0.311575, 78.464, 2.824743, 2142
107, generated107.png, generated108.png, 1, 210.066, 6.517, 127.996, 7.720, 168.742, 7.123, -0.999893, 0.014650, 82.079, 3.126943, 1198
108, generated108.png, generated109.png, 1, 732.982, 332.034, 703.457, 316.151, 718.871, 324.443, -0.880656, -0.473757, 33.526, -2.648041, 318
109, generated109.png, generated110.png, 1, 13.548, 175.086, 4.758, 179.520, 8.233, 177.767, -0.892837, 0.450380, 9.845, 2.674402, 30
110, generated110.png, generated111.png, 1, 744.031, 329.767, 709.982, 329.301, 727.503, 329.541, -0.999907, -0.013659, 34.051, -3.127933, 429
111, generated111.png, generated112.png, 1, 487.895, 231.274, 448.317, 216.168, 467.753, 223.586, -0.934264, -0.356583, 42.363, -2.776985, 546
112, generated112.png, generated113.png, 1, 59.340, 152.783, 18.746, 170.415, 38.430, 161.865, -0.917213, 0.398397, 44.258, 2.731824, 926
114, generated114.png, generated115.png, 1, 431.547, 136.047, 374.266, 153.607, 406.864, 143.614, -0.956085, 0.293089, 59.912, 2.844136, 1393
116, generated116.png, generated117.png, 1, 545.139, 227.344, 508.911, 229.500, 527.547, 228.391, -0.998235, 0.059394, 36.293, 3.082164, 581
117, generated117.png, generated118.png, 1, 391.057, 138.693, 355.815, 164.129, 373.607, 151.288, -0.810867, 0.585230, 43.462, 2.516429, 931
118, generated118.png, generated119.png, 1, 470.479, 221.184, 501.065, 262.952, 485.570, 241.792, 0.590815, 0.806807, 51.769, 0.938728, 932
120, generated120.png, generated121.png, 1, 604.054, 259.418, 576.006, 263.048, 590.346, 261.192, -0.991728, 0.128355, 28.282, 3.012883, 286
121, generated121.png, generated122.png, 1, 602.507, 11.102, 553.396, 15.985, 577.156, 13.623, -0.995095, 0.098926, 49.353, 3.042505, 1277
122, generated122.png, generated123.png, 1, 351.809, 131.831, 288.914, 117.372, 320.027, 124.525, -0.974580, -0.224040, 64.535, -2.915635, 974
123, generated123.png, generated124.png, 1, 403.319, 215.831, 364.199, 238.626, 383.285, 227.504, -0.864018, 0.503460, 45.276, 2.613994, 569
124, generated124.png, generated125.png, 1, 280.903, 173.031, 223.875, 178.760, 252.683, 175.866, -0.994992, 0.099958, 57.314, 3.041467, 1263
125, generated125.png, generated126.png, 1, 510.548, 303.370, 430.684, 233.914, 473.505, 271.154, -0.754562, -0.656229, 105.841, -2.425782, 1643
126, generated126.png, generated127.png, 1, 735.626, 205.408, 665.023, 252.085, 700.989, 228.307, -0.834182, 0.551489, 84.637, 2.557445, 3113
127, generated127.png, generated128.png, 1, 271.052, 186.053, 207.968, 182.573, 239.104, 184.291, -0.998482, -0.055073, 63.180, -3.086492, 654
128, generated128.png, generated129.png, 1, 189.357, 286.445, 164.829, 314.852, 176.671, 301.136, -0.653534, 0.756897, 37.531, 2.283040, 499
130, generated130.png, generated131.png, 1, 751.959, 248.595, 704.390, 263.264, 729.819, 255.422, -0.955593, 0.294689, 49.780, 2.842463, 999
131, generated131.png, generated132.png, 1, 634.414, 121.216, 585.830, 86.443, 611.117, 104.542, -0.813181, -0.582010, 59.746, -2.520394, 843
132, generated132.png, generated133.png, 1, 319.084, 108.966, 245.940, 115.302, 279.422, 112.401, -0.996269, 0.086300, 73.418, 3.055185, 892
133, generated133.png, generated134.png, 1, 748.561, 363.761, 721.262, 348.012, 733.860, 355.280, -0.866189, -0.499716, 31.516, -2.618322, 336
136, generated136.png, generated137.png, 1, 617.224, 96.296, 561.994, 89.047, 591.124, 92.871, -0.991497, -0.130130, 55.704, -3.011093, 595
137, generated137.png, generated138.png, 1, 180.700, 39.776, 213.511, 85.352, 196.532, 61.767, 0.584246, 0.811576, 56.158, 0.946845, 1198
140, generated140.png, generated141.png, 1, 200.589, 285.804, 177.231, 313.348, 189.112, 299.338, -0.646771, 0.762684, 36.115, 2.274140, 349
141, generated141.png, generated142.png, 1, 609.455, 95.002, 580.994, 82.014, 594.846, 88.335, -0.909751, -0.415154, 31.285, -2.713481, 474
142, generated142.png, generated143.png, 1, 112.164, 15.899, 145.010, 68.994, 128.151, 41.741, 0.526100, 0.850423, 62.434, 1.016788, 1996
143, generated143.png, generated144.png, 1, 643.999, 230.075, 618.547, 253.739, 631.050, 242.114, -0.732354, 0.680924, 34.754, 2.392569, 456
144, generated144.png, generated145.png, 1, 47.116, 96.595, 38.069, 98.356, 42.000, 97.591, -0.981559, 0.191157, 9.216, 2.949252, 22
146, generated146.png, generated147.png, 1, 531.116, 120.904, 455.692, 130.610, 493.867, 125.698, -0.991821, 0.127637, 76.046, 3.013607, 1538
147, generated147.png, generated148.png, 1, 37.249, 8.813, -1.166, 66.220, 17.139, 38.865, -0.556149, 0.831083, 69.074, 2.160541, 1196
148, generated148.png, generated149.png, 1, 735.186, 321.523, 701.833, 317.324, 718.881, 319.470, -0.992167, -0.124921, 33.616, -3.016345, 470
149, generated149.png, generated150.png, 1, 153.276, 201.438, 123.450, 221.189, 138.645, 211.127, -0.833767, 0.552117, 35.774, 2.556692, 679
150, generated150.png, generated151.png, 1, 704.717, 273.077, 651.152, 289.495, 679.307, 280.865, -0.956098, 0.293048, 56.025, 2.844179, 436
151, generated151.png, generated152.png, 1, 508.656, 110.644, 516.929, 153.592, 512.858, 132.459, 0.189142, 0.981950, 43.737, 1.380508, 1221
152, generated152.png, generated153.png, 1, 183.316, 207.961, 149.676, 219.015, 166.687, 213.425, -0.950027, 0.312168, 35.409, 2.824119, 473
153, generated153.png, generated154.png, 1, 429.872, 325.985, 426.284, 356.917, 428.000, 342.123, -0.115203, 0.993342, 31.139, 1.686255, 682
155, generated155.png, generated156.png, 1, 58.049, 279.440, 35.216, 281.960, 45.916, 280.779, -0.993967, 0.109679, 22.971, 3.031693, 154
156, generated156.png, generated157.png, 1, 576.322, 124.191, 532.744, 116.438, 554.680, 120.341, -0.984539, -0.175166, 44.262, -2.965518, 657
157, generated157.png, generated158.png, 1, 369.032, 211.497, 333.792, 213.760, 350.815, 212.667, -0.997946, 0.064067, 35.312, 3.077482, 675
158, generated158.png, generated159.png, 1, 619.847, 345.205, 589.390, 322.477, 604.475, 333.734, -0.801441, -0.598074, 38.002, -2.500497, 640
159, generated159.png, generated160.png, 1, 244.711, 112.894, 227.430, 123.110, 235.351, 118.427, -0.860834, 0.508887, 20.075, 2.607702, 185
160, generated160.png, generated161.png, 1, 650.089, 326.907, 613.922, 323.959, 631.892, 325.423, -0.996695, -0.081238, 36.287, -3.060265, 489
161, generated161.png, generated162.png, 1, 574.009, 97.131, 496.968, 102.549, 536.148, 99.793, -0.997536, 0.070150, 77.231, 3.071385, 1045
162, generated162.png, generated163.png, 1, 278.442, 158.859, 272.034, 184.261, 275.136, 171.966, -0.244581, 0.969629, 26.197, 1.817884, 354
163, generated163.png, generated164.png, 1, 574.756, 213.252, 554.633, 225.391, 564.876, 219.212, -0.856267, 0.516533, 23.501, 2.598796, 283
164, generated164.png, generated165.png, 1, 293.817, 27.448, 278.740, 58.361, 286.306, 42.848, -0.438341, 0.898809, 34.394, 2.024549, 663
166, generated166.png, generated167.png, 1, 584.240, 99.782, 545.952, 92.244, 565.198, 96.033, -0.981168, -0.193156, 39.023, -2.947215, 546
167, generated167.png, generated168.png, 1, 365.089, 63.209, 310.002, 56.984, 337.617, 60.104, -0.993677, -0.112280, 55.438, -3.029075, 689
168, generated168.png, generated169.png, 1, 393.204, 252.256, 350.861, 259.146, 372.110, 255.688, -0.987018, 0.160611, 42.900, 2.980283, 401
170, generated170.png, generated171.png, 1, 302.276, 268.022, 276.199, 300.556, 289.719, 283.688, -0.625417, 0.780291, 41.695, 2.246462, 356
171, generated171.png, generated172.png, 1, 536.044, 137.243, 453.006, 140.168, 496.150, 138.648, -0.999380, 0.035213, 83.089, 3.106372, 1180
172, generated172.png, generated173.png, 1, 267.936, 13.859, 221.745, 10.403, 244.733, 12.123, -0.997212, -0.074617, 46.319, -3.066907, 1025
173, generated173.png, generated174.png, 1, 409.881, 298.846, 375.610, 312.147, 393.779, 305.095, -0.932245, 0.361827, 36.762, 2.771366, 398
174, generated174.png, generated175.png, 1, 189.500, 134.779, 180.963, 154.100, 185.064, 144.819, -0.404148, 0.914694, 21.123, 1.986843, 94
175, generated175.png, generated176.png, 1, 284.244, 268.373, 260.742, 272.551, 272.459, 270.468, -0.984562, 0.175035, 23.870, 2.965651, 314
176, generated176.png, generated177.png, 1, 669.330, 139.260, 623.987, 119.028, 646.027, 128.862, -0.913219, -0.407470, 49.652, -2.721911, 1167
178, generated178.png, generated179.png, 1, 294.062, 237.130, 303.206, 302.971, 299.144, 273.719, 0.137557, 0.990494, 66.473, 1.432802, 1267
179, generated179.png, generated180.png, 1, 382.936, 78.560, 334.986, 80.694, 357.865, 79.676, -0.999011, 0.044468, 47.997, 3.097110, 438
180, generated180.png, generated181.png, 1, 407.914, 250.799, 366.726, 268.357, 386.911, 259.753, -0.919904, 0.392144, 44.775, 2.738632, 696
181, generated181.png, generated182.png, 1, 749.629, 176.525, 662.410, 160.735, 708.023, 168.993, -0.984005, -0.178143, 88.637, -2.962494, 1429
182, generated182.png, generated183.png, 1, 411.028, 35.473, 339.922, 39.694, 375.103, 37.606, -0.998243, 0.059248, 71.231, 3.082310, 672
185, generated185.png, generated186.png, 1, 317.091, 277.824, 247.064, 285.577, 282.565, 281.646, -0.993927, 0.110040, 70.455, 3.031329, 478
186, generated186.png, generated187.png, 1, 733.063, 156.953, 637.049, 151.184, 688.995, 154.305, -0.998200, -0.059975, 96.187, -3.081581, 937
187, generated187.png, generated188.png, 1, 62.994, 79.563, -0.009, 79.317, 31.494, 79.440, -0.999992, -0.003904, 63.003, -3.137688, 816
188, generated188.png, generated189.png, 1, 723.936, 248.161, 693.020, 235.949, 708.076, 241.896, -0.930074, -0.367373, 33.241, -2.765410, 608
190, generated190.png, generated191.png, 1, 349.853, 239.441, 259.096, 263.365, 299.513, 252.711, -0.966967, 0.254901, 93.857, 2.883847, 577
191, generated191.png, generated192.png, 1, 713.996, 236.020, 684.692, 230.697, 699.041, 233.303, -0.983903, -0.178705, 29.784, -2.961923, 511
192, generated192.png, generated193.png, 1, 158.351, 93.050, 122.140, 97.219, 140.081, 95.153, -0.993436, 0.114391, 36.450, 3.026951, 847
193, generated193.png, generated194.png, 1, 212.079, 321.984, 217.288, 348.532, 214.782, 335.760, 0.192517, 0.981294, 27.054, 1.377070, 495
195, generated195.png, generated196.png, 1, 451.204, 307.552, 382.055, 333.149, 415.614, 320.726, -0.937814, 0.347139, 73.735, 2.787074, 848
196, generated196.png, generated197.png, 1, 574.479, 174.839, 540.442, 183.697, 557.577, 179.238, -0.967760, 0.251874, 35.171, 2.886976, 534
198, generated198.png, generated199.png, 1, 595.550, 164.823, 540.890, 185.713, 572.614, 173.589, -0.934106, 0.356997, 58.516, 2.776542, 542
199, generated199.png, generated200.png, 1, 697.975, 287.172, 580.901, 290.669, 637.574, 288.976, -0.999554, 0.029853, 117.127, 3.111736, 883
200, generated200.png, generated201.png, 1, 185.573, 69.923, 95.429, 83.086, 144.578, 75.909, -0.989506, 0.144491, 91.100, 2.996594, 2264
201, generated201.png, generated202.png, 1, 748.186, 0.681, 646.876, 16.187, 681.843, 10.835, -0.988489, 0.151293, 102.490, 2.989716, 1294
202, generated202.png, generated203.png, 1, 93.158, 136.923, 0.003, 134.847, 44.321, 135.834, -0.999752, -0.022280, 93.177, -3.119311, 2259
203, generated203.png, generated204.png, 1, 720.278, 357.394, 658.952, 362.416, 692.717, 359.651, -0.996664, 0.081617, 61.531, 3.059885, 381
204, generated204.png, generated205.png, 1, 638.002, 141.033, 561.913, 146.858, 598.194, 144.080, -0.997082, 0.076341, 76.313, 3.065177, 721
205, generated205.png, generated206.png, 1, 560.166, 162.226, 495.698, 148.411, 533.705, 156.556, -0.977802, -0.209531, 65.932, -2.930498, 495
206, generated206.png, generated207.png, 1, 719.752, 97.920, 622.979, 108.818, 662.395, 104.379, -0.993718, 0.111909, 97.384, 3.029449, 1438
207, generated207.png, generated208.png, 1, 77.986, 12.125, 6.972, 13.266, 42.865, 12.689, -0.999871, 0.016058, 71.023, 3.125534, 772
208, generated208.png, generated209.png, 1, 505.611, 70.413, 460.374, 51.995, 482.558, 61.027, -0.926178, -0.377087, 48.843, -2.754944, 668
209, generated209.png, generated210.png, 1, 481.685, 297.103, 418.113, 334.873, 450.728, 315.496, -0.859712, 0.510780, 73.946, 2.605501, 1028
210, generated210.png, generated211.png, 1, 656.049, 80.778, 587.074, 65.663, 619.421, 72.751, -0.976820, -0.214063, 70.612, -2.925860, 856
211, generated211.png, generated212.png, 1, 150.861, 304.633, 93.219, 292.001, 122.362, 298.388, -0.976818, -0.214070, 59.010, -2.925853, 825
212, generated212.png, generated213.png, 1, 424.518, 31.856, 385.973, 38.849, 404.188, 35.544, -0.983937, 0.178516, 39.175, 2.962115, 485
213, generated213.png, generated214.png, 1, 287.299, 50.777, 293.577, 87.415, 290.561, 69.818, 0.168882, 0.985636, 37.172, 1.401101, 472
214, generated214.png, generated215.png, 1, 650.667, 3.424, 571.810, 20.104, 613.267, 11.335, -0.978353, 0.206941, 80.601, 2.933145, 1150
215, generated215.png, generated216.png, 1, 677.019, 351.326, 594.894, 356.218, 631.039, 354.065, -0.998230, 0.059468, 82.271, 3.082090, 463
216, generated216.png, generated217.png, 1, 376.218, 122.540, 303.212, 97.471, 344.770, 111.741, -0.945795, -0.324765, 77.191, -2.810829, 1171
217, generated217.png, generated218.png, 1, 89.234, 147.874, 33.971, 154.771, 60.352, 151.479, -0.992301, 0.123848, 55.691, 3.017426, 332
218, generated218.png, generated219.png, 1, 630.728, 82.227, 577.677, 70.458, 604.611, 76.433, -0.976265, -0.216580, 54.341, -2.923283, 455
219, generated219.png, generated220.png, 1, 70.567, 147.976, -0.801, 163.257, 34.062, 155.792, -0.977837, 0.209368, 72.986, 2.930664, 713
220, generated220.png, generated221.png, 1, 375.073, 164.424, 329.868, 172.235, 354.775, 167.931, -0.985399, 0.170259, 45.875, 2.970500, 204
221, generated221.png, generated222.png, 1, 533.922, 51.226, 492.724, 36.917, 515.638, 44.876, -0.944644, -0.328096, 43.612, -2.807305, 426
222, generated222.png, generated223.png, 1, 664.016, 122.181, 619.774, 129.664, 640.824, 126.104, -0.985998, 0.166754, 44.870, 2.974056, 540
223, generated223.png, generated224.png, 1, 317.456, 172.371, 289.248, 181.747, 302.715, 177.271, -0.948949, 0.315430, 29.725, 2.820683, 144
224, generated224.png, generated225.png, 1, 248.673, 217.857, 200.208, 231.728, 226.355, 224.244, -0.961397, 0.275164, 50.410, 2.862833, 377
225, generated225.png, generated226.png, 1, 251.954, 88.127, 193.016, 66.957, 223.778, 78.006, -0.941130, -0.338044, 62.626, -2.796755, 469
226, generated226.png, generated227.png, 1, 749.837, 157.768, 703.089, 145.658, 733.332, 153.492, -0.968048, -0.250767, 48.292, -2.888120, 392
227, generated227.png, generated228.png, 1, 103.296, 131.800, 72.065, 150.111, 87.584, 141.012, -0.862660, 0.505785, 36.203, 2.611301, 507
228, generated228.png, generated229.png, 1, 595.122, 158.689, 561.752, 164.602, 577.631, 161.788, -0.984658, 0.174494, 33.890, 2.966201, 260
229, generated229.png, generated230.png, 1, 315.999, 1.692, 229.000, 1.635, 275.642, 1.666, -1.000000, -0.000656, 86.999, -3.140937, 341
230, generated230.png, generated231.png, 1, 148.981, 359.686, 103.005, 360.353, 127.728, 359.994, -0.999895, 0.014511, 45.981, 3.127081, 169
231, generated231.png, generated232.png, 1, 705.044, 146.567, 648.028, 140.731, 675.667, 143.560, -0.994802, -0.101831, 57.315, -3.039585, 159
232, generated232.png, generated233.png, 1, 56.073, 109.105, 19.742, 134.492, 35.989, 123.140, -0.819710, 0.572779, 44.323, 2.531700, 530
233, generated233.png, generated234.png, 1, 241.852, 80.976, 217.081, 66.581, 229.162, 73.601, -0.864600, -0.502461, 28.649, -2.615150, 271
234, generated234.png, generated235.png, 1, 649.390, 322.622, 609.084, 340.451, 630.380, 331.031, -0.914523, 0.404534, 44.073, 2.725123, 353
235, generated235.png, generated236.png, 1, 365.027, 71.547, 319.949, 68.842, 343.562, 70.259, -0.998204, -0.059907, 45.159, -3.081650, 201
236, generated236.png, generated237.png, 1, 347.053, 30.097, 287.964, 31.586, 316.587, 30.865, -0.999683, 0.025193, 59.107, 3.116397, 591
237, generated237.png, generated238.png, 1, 293.998, 325.978, 250.934, 329.081, 272.290, 327.542, -0.997414, 0.071864, 43.176, 3.069667, 262
238, generated238.png, generated239.png, 1, 180.033, 175.813, 144.894, 169.599, 162.484, 172.710, -0.984725, -0.174119, 35.684, -2.966581, 124
239, generated239.png, generated240.png, 1, 603.991, 126.976, 569.135, 139.379, 587.114, 132.982, -0.942133, 0.335238, 36.998, 2.799735, 273
240, generated240.png, generated241.png, 1, 655.929, 329.450, 620.993, 333.942, 636.100, 332.000, -0.991835, 0.127528, 35.224, 3.013717, 90
241, generated241.png, generated242.png, 1, 561.012, 127.206, 502.915, 130.512, 531.669, 128.876, -0.998384, 0.056829, 58.190, 3.084733, 483
242, generated242.png, generated243.png, 1, 92.401, 222.919, 88.552, 251.211, 90.147, 239.482, -0.134815, 0.990871, 28.553, 1.706023, 278
243, generated243.png, generated244.png, 1, 644.615, 67.559, 623.204, 86.234, 634.958, 75.982, -0.753596, 0.657338, 28.411, 2.424312, 167
244, generated244.png, generated245.png, 1, 427.724, 315.893, 405.104, 341.958, 416.087, 329.303, -0.655429, 0.755257, 34.512, 2.285547, 195
245, generated245.png, generated246.png, 1, 236.037, 264.900, 187.855, 263.259, 208.678, 263.968, -0.999420, -0.034039, 48.210, -3.107547, 559
246, generated246.png, generated247.png, 1, 156.600, 297.512, 114.924, 280.708, 138.575, 290.244, -0.927450, -0.373946, 44.936, -2.758332, 221
247, generated247.png, generated248.png, 1, 280.036, 287.648, 241.985, 289.734, 260.058, 288.744, -0.998500, 0.054748, 38.107, 3.086818, 156
248, generated248.png, generated249.png, 1, 408.107, 171.653, 378.092, 176.560, 392.881, 174.142, -0.986897, 0.161353, 30.414, 2.979531, 176
249, generated249.png, generated250.png, 1, 511.989, 105.948, 443.398, 120.079, 479.121, 112.720, -0.979432, 0.201774, 70.032, 2.938424, 1227
250, generated250.png, generated251.png, 1, 621.001, 351.483, 593.999, 351.536, 607.745, 351.509, -0.999998, 0.001989, 27.002, 3.139603, 55
251, generated251.png, generated252.png, 1, 128.057, 314.773, 97.001, 306.996, 112.634, 310.911, -0.970049, -0.242908, 32.015, -2.896230, 224
252, generated252.png, generated253.png, 1, 480.871, 109.565, 439.900, 121.662, 459.758, 115.799, -0.959069, 0.283173, 42.720, 2.854492, 561
253, generated253.png, generated254.png, 1, 171.209, 320.628, 142.407, 330.222, 156.981, 325.368, -0.948752, 0.316023, 30.358, 2.820058, 261
254, generated254.png, generated255.png, 1, 76.967, 283.535, 37.594, 300.032, 58.843, 291.129, -0.922319, 0.386428, 42.689, 2.744837, 217
255, generated255.png, generated256.png, 1, 133.058, 162.434, 106.005, 166.037, 119.618, 164.224, -0.991250, 0.132000, 27.292, 3.009206, 76
256, generated256.png, generated257.png, 1, 508.000, 47.016, 479.001, 46.873, 494.079, 46.947, -0.999988, -0.004957, 29.000, -3.136635, 76
257, generated257.png, generated258.png, 1, 679.344, 301.434, 643.373, 316.503, 661.164, 309.050, -0.922337, 0.386386, 39.000, 2.744882, 298
258, generated258.png, generated259.png, 1, 689.984, 332.278, 649.005, 329.907, 668.345, 331.026, -0.998329, -0.057778, 41.047, -3.083782, 116
259, generated259.png, generated260.png, 1, 677.148, 326.687, 642.265, 334.225, 658.446, 330.728, -0.977439, 0.211216, 35.689, 2.928774, 195
260, generated260.png, generated261.png, 1, 282.011, 148.215, 247.000, 149.997, 262.398, 149.214, -0.998708, 0.050824, 35.056, 3.090747, 103
261, generated261.png, generated262.png, 1, 720.009, 315.610, 694.000, 315.982, 707.403, 315.790, -0.999898, 0.014293, 26.012, 3.127299, 62
262, generated262.png, generated263.png, 1, 283.991, 2.514, 255.000, 1.987, 269.481, 2.250, -0.999835, -0.018164, 28.995, -3.123428, 104
263, generated263.png, generated264.png, 1, 613.028, 360.017, 576.994, 359.679, 594.355, 359.842, -0.999956, -0.009396, 36.036, -3.132196, 259
264, generated264.png, generated265.png, 1, 664.001, 203.004, 639.953, 208.804, 652.486, 205.781, -0.972127, 0.234454, 24.738, 2.904935, 105
265, generated265.png, generated266.png, 1, 673.116, 339.543, 650.095, 344.447, 661.645, 341.987, -0.978054, 0.208352, 23.537, 2.931703, 76
266, generated266.png, generated267.png, 1, 141.048, 318.916, 97.531, 294.071, 119.065, 306.365, -0.868434, -0.495804, 50.110, -2.622832, 230
267, generated267.png, generated268.png, 1, 115.028, 144.745, 87.037, 141.666, 103.245, 143.449, -0.994002, -0.109360, 28.160, -3.032013, 49
268, generated268.png, generated269.png, 1, 654.218, 134.513, 640.198, 140.466, 647.347, 137.431, -0.920471, 0.390811, 15.231, 2.740080, 72
269, generated269.png, generated270.png, 1, 292.994, 192.892, 239.982, 195.659, 263.597, 194.426, -0.998640, 0.052131, 53.084, 3.089438, 129
270, generated270.png, generated271.png, 1, 39.018, 82.948, 11.808, 73.556, 24.142, 77.813, -0.945280, -0.326261, 28.785, -2.809247, 134
271, generated271.png, generated272.png, 1, 164.946, 196.682, 120.050, 204.298, 141.955, 200.582, -0.985918, 0.167229, 45.537, 2.973574, 67
272, generated272.png, generated273.png, 1, 409.016, 184.137, 378.967, 187.725, 392.160, 186.150, -0.992945, 0.118576, 30.263, 3.022737, 100
273, generated273.png, generated274.png, 1, 350.814, 42.496, 332.140, 49.381, 341.615, 45.888, -0.938271, 0.345902, 19.903, 2.788393, 169
274, generated274.png, generated275.png, 1, 267.021, 284.194, 239.903, 287.095, 255.809, 285.393, -0.994328, 0.106356, 27.272, 3.035035, 89
275, generated275.png, generated276.png, 1, 691.044, 350.416, 657.992, 353.928, 674.838, 352.138, -0.994403, 0.105652, 33.238, 3.035743, 167
276, generated276.png, generated277.png, 1, 370.057, 3.140, 336.937, 0.946, 356.482, 2.241, -0.997813, -0.066104, 33.192, -3.075440, 166
277, generated277.png, generated278.png, 1, 26.143, 291.990, 27.702, 314.021, 26.897, 302.643, 0.070547, 0.997508, 22.086, 1.500191, 126
278, generated278.png, generated279.png, 1, 748.026, 51.963, 747.105, 75.966, 747.527, 64.968, -0.038331, 0.999265, 24.021, 1.609137, 93
279, generated279.png, generated280.png, 1, 643.000, 274.000, 669.000, 274.000, 656.000, 274.000, 1.000000, 0.000000, 26.000, 0.000000, 27
280, generated280.png, generated281.png, 1, 234.999, 163.990, 213.977, 166.827, 224.130, 165.457, -0.991020, 0.133713, 21.213, 3.007478, 46
281, generated281.png, generated282.png, 1, 129.007, 184.401, 103.980, 184.825, 115.342, 184.632, -0.999857, 0.016916, 25.030, 3.124675, 117
282, generated282.png, generated283.png, 1, 672.003, 139.043, 633.962, 141.380, 653.029, 140.209, -0.998119, 0.061307, 38.112, 3.080247, 206
283, generated283.png, generated284.png, 1, 262.121, 146.142, 244.739, 160.872, 253.893, 153.115, -0.762901, 0.646516, 22.783, 2.438584, 131
284, generated284.png, generated285.png, 1, 467.584, 282.641, 455.114, 297.098, 461.341, 289.879, -0.653182, 0.757201, 19.092, 2.282576, 91
285, generated285.png, generated286.png, 1, 591.502, 250.272, 603.316, 271.919, 597.290, 260.877, 0.479041, 0.877793, 24.661, 1.071234, 138
286, generated286.png, generated287.png, 1, 355.989, 303.015, 345.765, 323.885, 350.811, 313.585, -0.439929, 0.898033, 23.240, 2.026316, 164
287, generated287.png, generated288.png, 1, 625.024, 182.502, 597.041, 183.845, 610.291, 183.209, -0.998849, 0.047956, 28.016, 3.093618, 134
288, generated288.png, generated289.png, 1, 675.207, 266.562, 638.064, 271.481, 658.814, 268.733, -0.991347, 0.131269, 37.467, 3.009943, 221
289, generated289.png, generated290.png, 1, 223.922, 196.552, 189.912, 202.495, 204.074, 200.020, -0.985074, 0.172133, 34.525, 2.968598, 148
290, generated290.png, generated291.png, 1, 366.971, 156.317, 345.964, 154.397, 356.508, 155.361, -0.995850, -0.091013, 21.095, -3.050454, 61
291, generated291.png, generated292.png, 1, 186.080, 110.637, 167.864, 106.617, 177.690, 108.786, -0.976506, -0.215491, 18.655, -2.924398, 126
292, generated292.png, generated293.png, 1, 643.010, 193.928, 608.959, 189.302, 625.620, 191.565, -0.990898, -0.134618, 34.364, -3.006564, 92
293, generated293.png, generated294.png, 1, 327.526, 234.572, 315.548, 245.596, 321.275, 240.325, -0.735787, 0.677213, 16.279, 2.397624, 40
294, generated294.png, generated295.png, 1, 423.812, 280.768, 400.024, 300.030, 411.220, 290.965, -0.777178, 0.629281, 30.609, 2.460965, 141
295, generated295.png, generated296.png, 1, 247.990, 156.094, 224.036, 153.643, 235.519, 154.818, -0.994806, -0.101785, 24.079, -3.039631, 77
296, generated296.png, generated297.png, 1, 128.005, 219.916, 99.993, 218.104, 114.114, 219.018, -0.997916, -0.064530, 28.071, -3.077018, 114
297, generated297.png, generated298.png, 1, 420.836, 280.490, 398.859, 287.563, 409.872, 284.018, -0.951911, 0.306376, 23.087, 2.830209, 109
298, generated298.png, generated299.png, 1, 444.091, 166.344, 415.939, 173.769, 429.931, 170.078, -0.966939, 0.255008, 29.114, 2.883736, 102
299, generated299.png, generated300.png, 1, 204.043, 227.180, 188.950, 230.789, 195.386, 229.250, -0.972576, 0.232585, 15.519, 2.906858, 44
300, generated300.png, generated301.png, 1, 341.302, 241.344, 312.721, 247.758, 327.284, 244.490, -0.975727, 0.218989, 29.291, 2.920815, 194
301, generated301.png, generated302.png, 1, 184.040, 135.256, 153.017, 140.107, 169.450, 137.537, -0.987997, 0.154472, 31.400, 2.986500, 80
302, generated302.png, generated303.png, 1, 230.972, 231.310, 202.028, 228.690, 216.250, 229.977, -0.995928, -0.090156, 29.062, -3.051314, 88
303, generated303.png, generated304.png, 1, 118.911, 143.890, 102.767, 156.948, 110.916, 150.357, -0.777521, 0.628857, 20.764, 2.461511, 143
304, generated304.png, generated305.png, 1, 581.643, 152.459, 562.043, 161.098, 572.353, 156.553, -0.915054, 0.403331, 21.419, 2.726438, 235
305, generated305.png, generated306.png, 1, 484.015, 175.139, 457.991, 177.919, 469.788, 176.659, -0.994345, 0.106195, 26.172, 3.035197, 85
306, generated306.png, generated307.png, 1, 187.002, 228.956, 148.012, 226.790, 171.265, 228.082, -0.998461, -0.055466, 39.051, -3.086098, 98
307, generated307.png, generated308.png, 1, 283.918, 210.342, 263.146, 205.387, 273.324, 207.815, -0.972713, -0.232011, 21.355, -2.907448, 108
308, generated308.png, generated309.png, 1, 686.802, 310.689, 670.161, 321.254, 678.366, 316.045, -0.844241, 0.535964, 19.712, 2.575944, 112
309, generated309.png, generated310.png, 1, 622.007, 146.043, 586.944, 151.650, 602.523, 149.159, -0.987451, 0.157923, 35.508, 2.983005, 107
310, generated310.png, generated311.png, 1, 632.993, 345.982, 608.007, 356.016, 619.959, 351.216, -0.927965, 0.372667, 26.926, 2.759711, 97
311, generated311.png, generated312.png, 1, 709.986, 34.151, 682.038, 31.587, 694.986, 32.775, -0.995820, -0.091338, 28.066, -3.050127, 71
312, generated312.png, generated313.png, 1, 419.851, 13.368, 396.074, 30.104, 407.867, 21.803, -0.817744, 0.575582, 29.077, 2.528277, 173
313, generated313.png, generated314.png, 1, 474.278, 145.507, 463.014, 162.010, 468.349, 154.194, -0.563766, 0.825935, 19.980, 2.169735, 129
314, generated314.png, generated315.png, 1, 304.083, 303.244, 280.444, 311.302, 292.529, 307.183, -0.946511, 0.322673, 24.975, 2.813041, 104
315, generated315.png, generated316.png, 1, 310.986, 84.513, 281.981, 85.366, 294.969, 84.984, -0.999568, 0.029406, 29.017, 3.112183, 64
316, generated316.png, generated317.png, 1, 288.100, 100.917, 301.688, 117.259, 294.846, 109.031, 0.639361, 0.768907, 21.254, 0.877129, 65
317, generated317.png, generated318.png, 1, 467.025, 112.256, 428.995, 115.950, 446.538, 114.246, -0.995314, 0.096695, 38.209, 3.044747, 65
318, generated318.png, generated319.png, 1, 433.221, 334.646, 438.309, 352.200, 435.667, 343.083, 0.278374, 0.960473, 18.277, 1.288695, 84
319, generated319.png, generated320.png, 1, 404.011, 1.030, 384.003, 1.242, 393.609, 1.141, -0.999944, 0.010588, 20.009, 3.131005, 64
320, generated320.png, generated321.png, 1, 746.017, 339.530, 717.016, 340.476, 732.375, 339.975, -0.999468, 0.032621, 29.017, 3.108966, 80
321, generated321.png, generated322.png, 1, 507.942, 218.821, 480.870, 227.598, 494.643, 223.132, -0.951254, 0.308409, 28.460, 2.828073, 227
322, generated322.png, generated323.png, 1, 632.998, 195.990, 614.883, 199.375, 623.453, 197.774, -0.982987, 0.183674, 18.428, 2.956870, 53
323, generated323.png, generated324.png, 1, 717.938, 148.737, 694.078, 154.334, 705.587, 151.635, -0.973579, 0.228351, 24.508, 2.911209, 104
324, generated324.png, generated325.png, 1, 222.978, 135.784, 188.041, 139.398, 205.346, 137.608, -0.994691, 0.102910, 35.123, 3.038500, 153
325, generated325.png, generated326.png, 1, 128.236, 242.938, 110.695, 258.770, 118.986, 251.286, -0.742360, 0.670001, 23.630, 2.407383, 213
326, generated326.png, generated327.png, 1, 678.916, 290.243, 651.916, 293.239, 665.289, 291.756, -0.993900, 0.110283, 27.166, 3.031085, 135
327, generated327.png, generated328.png, 1, 265.083, 321.539, 242.992, 324.947, 254.339, 323.196, -0.988315, 0.152424, 22.353, 2.988572, 112
328, generated328.png, generated329.png, 1, 410.038, 342.234, 376.947, 347.679, 391.674, 345.256, -0.986730, 0.162372, 33.536, 2.978498, 86
329, generated329.png, generated330.png, 1, 247.056, 193.363, 219.979, 194.480, 232.886, 193.947, -0.999150, 0.041233, 27.101, 3.100347, 114
330, generated330.png, generated331.png, 1, 306.929, 168.524, 273.988, 164.087, 289.086, 166.121, -0.991054, -0.133465, 33.239, -3.007728, 58
331, generated331.png, generated332.png, 1, 319.328, 35.179, 308.121, 30.698, 313.791, 32.965, -0.928546, -0.371218, 12.070, -2.761272, 86
332, generated332.png, generated333.png, 1, 237.027, 135.406, 205.999, 134.017, 221.139, 134.694, -0.999000, -0.044717, 31.058, -3.096861, 108
333, generated333.png, generated334.png, 1, 464.144, 176.902, 438.012, 181.075, 452.049, 178.833, -0.987489, 0.157688, 26.463, 2.983244, 102
334, generated334.png, generated335.png, 1, 428.933, 273.510, 400.911, 277.352, 413.977, 275.561, -0.990734, 0.135820, 28.284, 3.005352, 132
335, generated335.png, generated336.png, 1, 484.766, 150.308, 440.727, 165.193, 460.618, 158.471, -0.947350, 0.320200, 46.486, 2.815652, 68
336, generated336.png, generated337.png, 1, 372.986, 184.870, 344.976, 187.771, 360.885, 186.123, -0.994679, 0.103024, 28.160, 3.038385, 122
337, generated337.png, generated338.png, 1, 101.008, 134.570, 70.000, 133.993, 85.537, 134.282, -0.999827, -0.018591, 31.013, -3.123000, 149
338, generated338.png, generated339.png, 1, 653.574, 236.434, 641.519, 252.392, 647.286, 244.758, -0.602747, 0.797932, 20.000, 2.217736, 91
339, generated339.png, generated340.png, 1, 621.457, 272.744, 607.644, 289.710, 614.873, 280.831, -0.631367, 0.775484, 21.878, 2.254111, 118
340, generated340.png, generated341.png, 1, 516.166, 75.469, 498.057, 69.819, 507.308, 72.705, -0.954618, -0.297832, 18.970, -2.839172, 78
341, generated341.png, generated342.png, 1, 302.633, 275.961, 303.947, 297.066, 303.305, 286.758, 0.062157, 0.998066, 21.146, 1.508599, 95
342, generated342.png, generated343.png, 1, 264.917, 133.703, 235.969, 130.264, 248.956, 131.807, -0.993020, -0.117948, 29.151, -3.023369, 114
343, generated343.png, generated344.png, 1, 116.966, 158.810, 92.057, 163.316, 103.671, 161.215, -0.984025, 0.178029, 25.313, 2.962609, 79
344, generated344.png, generated345.png, 1, 396.011, 1.849, 382.000, 2.024, 388.922, 1.938, -0.999922, 0.012499, 14.011, 3.129093, 64
345, generated345.png, generated346.png, 1, 207.005, 357.452, 190.996, 357.641, 199.239, 357.543, -0.999930, 0.011827, 16.011, 3.129765, 46
346, generated346.png, generated347.png, 1, 173.995, 131.031, 153.026, 127.828, 163.756, 129.467, -0.988532, -0.151009, 21.212, -2.990004, 45
347, generated347.png, generated348.png, 1, 286.000, 117.021, 263.002, 117.216, 275.562, 117.109, -0.999964, 0.008477, 22.999, 3.133115, 64
348, generated348.png, generated349.png, 1, 705.730, 315.940, 702.860, 328.969, 704.447, 321.763, -0.215102, 0.976592, 13.341, 1.787592, 38
349, generated349.png, generated350.png, 1, 457.130, 153.644, 431.180, 158.890, 444.584, 156.180, -0.980173, 0.198145, 26.475, 2.942127, 161
350, generated350.png, generated351.png, 1, 265.011, 239.033, 246.729, 245.196, 255.500, 242.239, -0.947617, 0.319408, 19.293, 2.816488, 46
351, generated351.png, generated352.png, 1, 129.018, 52.835, 107.945, 50.497, 118.515, 51.670, -0.993902, -0.110267, 21.203, -3.031101, 97
352, generated352.png, generated353.png, 1, 586.871, 322.546, 562.830, 329.406, 573.014, 326.500, -0.961623, 0.274375, 25.000, 2.863653, 74
353, generated353.png, generated354.png, 1, 620.937, 169.778, 604.142, 174.506, 612.344, 172.197, -0.962586, 0.270978, 17.448, 2.867184, 61
354, generated354.png, generated355.png, 1, 659.942, 273.031, 647.084, 287.077, 653.582, 279.978, -0.675246, 0.737593, 19.042, 2.312094, 91
355, generated355.png, generated356.png, 1, 289.341, 246.535, 271.101, 258.159, 281.316, 251.649, -0.843295, 0.537451, 21.629, 2.574181, 57
356, generated356.png, generated357.png, 1, 552.048, 235.689, 530.015, 237.213, 541.239, 236.437, -0.997617, 0.068990, 22.086, 3.072548, 71
357, generated357.png, generated358.png, 1, 41.638, 45.784, 48.122, 64.959, 44.680, 54.780, 0.320378, 0.947290, 20.241, 1.244667, 50
358, generated358.png, generated359.png, 1, 701.507, 247.263, 691.471, 259.233, 695.775, 254.100, -0.642461, 0.766318, 15.620, 2.268502, 80
359, generated359.png, generated360.png, 1, 589.763, 238.881, 563.241, 245.908, 575.031, 242.785, -0.966646, 0.256115, 27.438, 2.882591, 130
360, generated360.png, generated361.png, 1, 686.991, 353.843, 643.019, 356.340, 662.018, 355.261, -0.998392, 0.056681, 44.043, 3.084882, 111
361, generated361.png, generated362.png, 1, 544.305, 124.529, 521.023, 109.423, 532.865, 117.106, -0.838881, -0.544314, 27.754, -2.566021, 170
362, generated362.png, generated363.png, 1, 454.062, 314.882, 456.304, 335.077, 455.361, 326.583, 0.110319, 0.993896, 20.319, 1.460252, 72
363, generated363.png, generated364.png, 1, 602.124, 335.260, 590.020, 341.042, 595.947, 338.211, -0.902314, 0.431079, 13.414, 2.695904, 57
364, generated364.png, generated365.png, 1, 298.000, 203.915, 274.997, 203.828, 286.810, 203.873, -0.999993, -0.003786, 23.004, -3.137806, 63
365, generated365.png, generated366.png, 1, 645.913, 250.637, 627.037, 255.156, 636.263, 252.947, -0.972519, 0.232822, 19.409, 2.906615, 38
366, generated366.png, generated367.png, 1, 670.091, 286.660, 654.964, 288.741, 662.350, 287.725, -0.990671, 0.136279, 15.269, 3.004888, 40
367, generated367.png, generated368.png, 1, 84.054, 210.795, 65.997, 206.011, 74.972, 208.389, -0.966649, -0.256104, 18.680, -2.882604, 72
368, generated368.png, generated369.png, 1, 593.167, 255.002, 593.011, 269.000, 593.086, 262.271, -0.011145, 0.999938, 13.999, 1.581942, 70
369, generated369.png, generated370.png, 1, 590.845, 229.365, 585.122, 242.621, 587.458, 237.208, -0.396388, 0.918083, 14.439, 1.978375, 72
370, generated370.png, generated371.png, 1, 345.020, 345.086, 327.996, 348.980, 336.652, 347.000, -0.974816, 0.223013, 17.464, 2.916689, 23
371, generated371.png, generated372.png, 1, 516.672, 218.216, 500.702, 224.899, 508.646, 221.575, -0.922478, 0.386050, 17.312, 2.745247, 127
372, generated372.png, generated373.png, 1, 82.081, 149.001, 62.964, 147.445, 72.526, 148.224, -0.996705, -0.081110, 19.181, -3.060393, 76
373, generated373.png, generated374.png, 1, 175.088, 156.137, 159.909, 165.858, 167.451, 161.028, -0.842125, 0.539282, 18.025, 2.572008, 71
374, generated374.png, generated375.png, 1, 242.009, 0.739, 220.000, 1.017, 230.426, 0.885, -0.999920, 0.012613, 22.011, 3.128979, 61
375, generated375.png, generated376.png, 1, 123.107, 145.237, 103.125, 154.277, 114.000, 149.357, -0.911086, 0.412216, 21.932, 2.716707, 42
376, generated376.png, generated377.png, 1, 547.993, 98.341, 500.993, 97.310, 526.513, 97.870, -0.999760, -0.021924, 47.011, -3.119666, 115
377, generated377.png, generated378.png, 1, 486.922, 186.439, 463.951, 189.649, 476.206, 187.937, -0.990375, 0.138408, 23.194, 3.002739, 63
378, generated378.png, generated379.png, 1, 245.038, 176.514, 216.051, 178.679, 229.178, 177.699, -0.997221, 0.074507, 29.068, 3.067017, 146
379, generated379.png, generated380.png, 1, 652.629, 308.699, 639.473, 320.526, 645.845, 314.798, -0.743642, 0.668578, 17.690, 2.409298, 84
380, generated380.png, generated381.png, 1, 254.968, 257.909, 235.872, 264.637, 244.857, 261.471, -0.943177, 0.332289, 20.246, 2.802863, 70
381, generated381.png, generated382.png, 1, 371.182, 3.833, 352.073, 5.735, 363.015, 4.646, -0.995083, 0.099046, 19.204, 3.042384, 65
382, generated382.png, generated383.png, 1, 223.028, 121.467, 196.996, 120.083, 209.495, 120.747, -0.998588, -0.053117, 26.070, -3.088451, 95
383, generated383.png, generated384.png, 1, 238.700, 256.678, 228.848, 265.836, 233.333, 261.667, -0.732422, 0.680851, 13.452, 2.392668, 45
384, generated384.png, generated385.png, 1, 658.680, 217.582, 646.141, 227.184, 652.344, 222.433, -0.793946, 0.607988, 15.793, 2.488069, 90
385, generated385.png, generated386.png, 1, 704.047, 160.868, 676.078, 150.783, 690.382, 155.941, -0.940715, -0.339197, 29.732, -2.795529, 68
386, generated386.png, generated387.png, 1, 683.006, 326.266, 660.994, 326.734, 672.000, 326.500, -0.999774, 0.021262, 22.016, 3.120329, 40
387, generated387.png, generated388.png, 1, 380.398, 98.683, 391.870, 113.103, 385.987, 105.709, 0.622600, 0.782540, 18.427, 0.898735, 79
388, generated388.png, generated389.png, 1, 624.788, 253.812, 612.579, 267.628, 618.370, 261.074, -0.662211, 0.749318, 18.437, 2.294561, 54
389, generated389.png, generated390.png, 1, 223.638, 141.035, 198.762, 150.365, 209.972, 146.160, -0.936308, 0.351181, 26.568, 2.782760, 106
390, generated390.png, generated391.png, 1, 657.990, 338.727, 638.979, 339.412, 648.104, 339.083, -0.999351, 0.036026, 19.024, 3.105559, 48
391, generated391.png, generated392.png, 1, 553.475, 114.435, 537.101, 100.688, 545.410, 107.664, -0.765868, -0.642997, 21.379, -2.443187, 122
392, generated392.png, generated393.png, 1, 224.666, 279.548, 211.957, 288.942, 218.261, 284.283, -0.804155, 0.594420, 15.804, 2.505049, 46
393, generated393.png, generated394.png, 1, 130.000, 158.058, 112.000, 158.019, 120.810, 158.038, -0.999998, -0.002154, 18.000, -3.139439, 79
394, generated394.png, generated395.png, 1, 202.335, 232.374, 190.210, 243.234, 195.957, 238.087, -0.744904, 0.667172, 16.278, 2.411187, 69
395, generated395.png, generated396.png, 1, 647.991, 333.835, 626.001, 335.027, 636.613, 334.452, -0.998536, 0.054099, 22.022, 3.087467, 31
396, generated396.png, generated397.png, 1, 545.055, 98.662, 527.012, 100.149, 536.160, 99.395, -0.996619, 0.082160, 18.103, 3.059340, 81
397, generated397.png, generated398.png, 1, 280.013, 302.953, 259.923, 297.272, 269.516, 299.984, -0.962258, -0.272138, 20.878, -2.865978, 64
398, generated398.png, generated399.png, 1, 150.038, 166.379, 134.988, 167.881, 143.188, 167.062, -0.995054, 0.099336, 15.124, 3.042092, 32
