# pair_index, img_from, img_to, component_id, start_x, start_y, end_x, end_y, centroid_x, centroid_y, unit_dir_x, unit_dir_y, length_px, angle_rad, size_pixels
0, generated000.png, generated001.png, 1, 487.962, 158.342, 195.521, 632.478, 351.636, 379.369, -0.524962, 0.851125, 557.070, 2.123467, 149925
1, generated001.png, generated002.png, 1, 574.209, -8.018, 607.812, 604.743, 590.618, 291.206, 0.054756, 0.998500, 613.681, 1.516013, 189541
2, generated002.png, generated003.png, 1, 173.393, 200.571, 148.307, 528.253, 160.694, 366.448, -0.076332, 0.997082, 328.641, 1.647203, 31742
3, generated003.png, generated004.png, 1, 774.245, 277.044, 390.789, -16.695, 593.695, 138.737, -0.793850, -0.608114, 483.034, -2.487910, 94917
4, generated004.png, generated005.png, 1, 357.281, 321.653, 214.646, 345.918, 285.987, 333.781, -0.985837, 0.167709, 144.685, 2.973088, 14384
5, generated005.png, generated006.png, 1, 303.496, 556.648, 27.146, 455.329, 164.549, 505.705, -0.938886, -0.344228, 294.338, -2.790177, 37607
6, generated006.png, generated007.png, 1, 713.917, 153.088, 616.908, 61.845, 665.046, 107.122, -0.728420, -0.685131, 133.177, -2.386810, 12162
7, generated007.png, generated008.png, 1, 436.972, 259.211, 355.950, 259.600, 399.701, 259.390, -0.999988, 0.004806, 81.023, 3.136787, 1684
8, generated008.png, generated009.png, 1, 717.406, 273.336, 496.023, 373.142, 618.510, 317.921, -0.911639, 0.410992, 242.840, 2.718050, 13229
9, generated009.png, generated010.png, 1, 51.906, 108.743, 54.358, 450.954, 53.141, 281.071, 0.007165, 0.999974, 342.220, 1.563631, 35990
10, generated010.png, generated011.png, 1, 578.117, 550.486, 374.264, 384.533, 476.437, 467.710, -0.775514, -0.631330, 262.862, -2.458325, 29253
11, generated011.png, generated012.png, 1, 460.010, 14.734, 641.896, 256.348, 550.681, 135.181, 0.601428, 0.798927, 302.423, 0.925509, 43465
12, generated012.png, generated013.png, 1, 163.001, 83.005, 24.796, 113.060, 93.579, 98.102, -0.977162, 0.212496, 141.436, 2.927464, 12249
13, generated013.png, generated014.png, 1, 373.663, 316.321, 395.985, 600.923, 385.645, 469.090, 0.078194, 0.996938, 285.476, 1.492523, 25122
14, generated014.png, generated015.png, 1, 410.505, 71.595, 149.157, 199.959, 271.634, 139.803, -0.897579, 0.440854, 291.170, 2.685043, 10632
15, generated015.png, generated016.png, 1, 166.577, 562.355, 67.945, 549.416, 120.580, 556.321, -0.991505, -0.130072, 99.477, -3.011151, 6391
16, generated016.png, generated017.png, 1, 601.555, 87.613, 657.702, 168.207, 629.401, 127.583, 0.571626, 0.820514, 98.224, 0.962310, 3335
17, generated017.png, generated018.png, 1, 426.950, 50.725, 202.922, 91.573, 317.877, 70.613, -0.983780, 0.179380, 227.721, 2.961237, 15902
18, generated018.png, generated019.png, 1, 544.924, 325.072, 307.223, 415.225, 417.857, 373.265, -0.935010, 0.354621, 254.223, 2.779084, 9992
19, generated019.png, generated020.png, 1, 383.861, 258.140, 207.585, 321.767, 297.167, 289.432, -0.940603, 0.339509, 187.408, 2.795198, 16236
20, generated020.png, generated021.png, 1, 286.980, 485.190, 162.996, 367.835, 217.788, 419.698, -0.726256, -0.687424, 170.717, -2.383656, 8085
21, generated021.png, generated022.png, 1, 753.372, 325.290, 649.219, 344.842, 702.604, 334.821, -0.982833, 0.184499, 105.972, 2.956031, 6152
22, generated022.png, generated023.png, 1, 428.763, 168.205, 226.901, 234.663, 327.567, 201.521, -0.949848, 0.312712, 212.520, 2.823545, 17233
23, generated023.png, generated024.png, 1, 744.686, 303.263, 668.092, 493.493, 702.772, 407.361, -0.373499, 0.927631, 205.070, 1.953574, 13207
24, generated024.png, generated025.png, 1, 177.825, 79.813, 198.243, 279.384, 187.652, 175.868, 0.101774, 0.994808, 200.613, 1.468846, 7754
25, generated025.png, generated026.png, 1, 530.849, 573.058, 411.250, 511.456, 473.258, 543.395, -0.889004, -0.457900, 134.532, -2.665961, 9834
26, generated026.png, generated027.png, 1, 754.573, 251.889, 621.877, 287.288, 693.548, 268.168, -0.966211, 0.257753, 137.336, 2.880897, 6266
27, generated027.png, generated028.png, 1, 155.844, 143.362, 131.997, 373.482, 143.456, 262.901, -0.103076, 0.994673, 231.352, 1.674056, 7658
28, generated028.png, generated029.png, 1, 566.357, 593.191, 499.134, 569.235, 527.856, 579.471, -0.941974, -0.335685, 71.364, -2.799260, 2076
29, generated029.png, generated030.png, 1, 304.316, 310.639, 244.950, 327.826, 274.750, 319.198, -0.960555, 0.278089, 61.805, 2.859789, 2238
31, generated031.png, generated032.png, 1, 557.352, 163.611, 513.105, 123.569, 535.307, 143.661, -0.741455, -0.671003, 59.675, -2.406032, 1964
32, generated032.png, generated033.png, 1, 317.958, 278.747, 347.610, 348.742, 332.564, 313.224, 0.390070, 0.920785, 76.016, 1.170089, 2837
34, generated034.png, generated035.png, 1, 102.371, 19.138, 81.725, 74.525, 92.131, 46.609, -0.349300, 0.937011, 59.109, 1.927620, 2124
35, generated035.png, generated036.png, 1, 393.300, 420.795, 298.844, 416.222, 342.723, 418.347, -0.998830, -0.048361, 94.567, -3.093213, 2023
36, generated036.png, generated037.png, 1, 492.034, 74.912, 432.301, 51.808, 461.736, 63.194, -0.932667, -0.360737, 64.046, -2.772534, 2159
37, generated037.png, generated038.png, 1, 142.384, 2.965, 151.237, 100.979, 146.628, 49.956, 0.089958, 0.995946, 98.412, 1.480717, 4102
38, generated038.png, generated039.png, 1, 120.123, 437.952, 69.448, 388.566, 94.597, 413.075, -0.716154, -0.697943, 70.759, -2.369072, 2200
39, generated039.png, generated040.png, 1, 249.853, 222.089, 195.130, 335.159, 222.679, 278.236, -0.435634, 0.900124, 125.616, 2.021539, 5075
40, generated040.png, generated041.png, 1, 739.011, 547.550, 616.221, 582.770, 683.365, 563.511, -0.961241, 0.275708, 127.741, 2.862266, 7237
41, generated041.png, generated042.png, 1, 592.839, 49.774, 491.918, 64.435, 542.889, 57.030, -0.989613, 0.143755, 101.980, 2.997338, 6456
42, generated042.png, generated043.png, 1, 257.655, 242.743, 198.662, 253.069, 228.110, 247.914, -0.985024, 0.172417, 59.890, 2.968310, 2456
43, generated043.png, generated044.png, 1, 106.054, 590.257, -0.051, 589.407, 49.729, 589.806, -0.999968, -0.008015, 106.109, -3.133578, 1524
45, generated045.png, generated046.png, 1, 87.161, 577.915, -3.195, 564.473, 39.409, 570.811, -0.989114, -0.147153, 91.350, -2.993903, 4424
46, generated046.png, generated047.png, 1, 723.581, 58.032, 735.922, 167.475, 729.280, 108.571, 0.112049, 0.993703, 110.136, 1.458511, 4080
47, generated047.png, generated048.png, 1, 316.725, 154.345, 261.769, 196.701, 288.694, 175.949, -0.792055, 0.610450, 69.384, 2.484964, 1306
48, generated048.png, generated049.png, 1, 457.040, 360.810, 337.973, 356.787, 393.840, 358.675, -0.999430, -0.033766, 119.135, -3.107820, 3728
49, generated049.png, generated050.png, 1, 22.277, 298.558, 11.107, 418.038, 17.060, 354.361, -0.093089, 0.995658, 120.001, 1.664020, 3763
50, generated050.png, generated051.png, 1, 637.009, 380.180, 469.150, 388.156, 553.014, 384.171, -0.998873, 0.047464, 168.048, 3.094110, 2977
51, generated051.png, generated052.png, 1, 711.724, 141.625, 624.821, 117.651, 669.202, 129.894, -0.963991, -0.265934, 90.150, -2.872420, 3361
52, generated052.png, generated053.png, 1, 98.911, 331.026, 0.142, 308.382, 51.228, 320.094, -0.974712, -0.223465, 101.332, -2.916225, 5234
53, generated053.png, generated054.png, 1, 309.855, 431.179, 245.967, 379.272, 278.497, 405.701, -0.776126, -0.630578, 82.317, -2.459295, 2155
54, generated054.png, generated055.png, 1, 191.901, 80.980, 146.840, 142.145, 169.392, 111.534, -0.593129, 0.805108, 75.972, 2.205736, 1955
55, generated055.png, generated056.png, 1, 404.700, 511.782, 305.537, 550.727, 355.599, 531.066, -0.930790, 0.365554, 106.537, 2.767365, 3896
56, generated056.png, generated057.png, 1, 739.370, 205.927, 653.895, 209.472, 698.497, 207.622, -0.999141, 0.041434, 85.549, 3.100147, 3855
57, generated057.png, generated058.png, 1, 181.333, 129.352, 107.154, 147.624, 143.694, 138.623, -0.970978, 0.239171, 76.397, 2.900081, 1846
58, generated058.png, generated059.png, 1, 630.593, 313.663, 533.460, 371.768, 581.148, 343.241, -0.858174, 0.513359, 113.186, 2.602499, 4089
60, generated060.png, generated061.png, 1, 717.264, 519.604, 573.904, 492.506, 647.808, 506.476, -0.982601, -0.185731, 145.898, -2.954777, 2813
61, generated061.png, generated062.png, 1, 604.452, 279.251, 555.418, 289.103, 580.444, 284.075, -0.980410, 0.196969, 50.014, 2.943328, 1749
62, generated062.png, generated063.png, 1, 26.382, -0.049, 26.719, 64.028, 26.548, 31.470, 0.005268, 0.999986, 64.078, 1.565528, 2991
63, generated063.png, generated064.png, 1, 429.754, 577.116, 337.968, 589.096, 389.210, 582.408, -0.991589, 0.129425, 92.564, 3.011804, 2503
64, generated064.png, generated065.png, 1, 326.850, 30.351, 241.983, 49.928, 284.348, 40.155, -0.974410, 0.224779, 87.096, 2.914876, 3449
65, generated065.png, generated066.png, 1, 555.438, 532.406, 446.592, 502.486, 502.786, 517.933, -0.964232, -0.265059, 112.884, -2.873328, 2699
66, generated066.png, generated067.png, 1, 706.836, 188.252, 605.635, 152.021, 658.390, 170.908, -0.941483, -0.337061, 107.491, -2.797799, 2870
67, generated067.png, generated068.png, 1, 227.403, 9.349, 173.487, 94.130, 201.745, 49.695, -0.536630, 0.843818, 100.473, 2.137234, 3709
69, generated069.png, generated070.png, 1, 246.314, 295.595, 260.651, 360.299, 253.425, 327.689, 0.216328, 0.976321, 66.273, 1.352745, 3209
70, generated070.png, generated071.png, 1, 53.286, 445.469, 6.607, 436.748, 29.631, 441.050, -0.982993, -0.183643, 47.486, -2.956901, 1208
71, generated071.png, generated072.png, 1, 469.409, 95.879, 501.045, 202.690, 483.923, 144.882, 0.283992, 0.958827, 111.398, 1.282841, 2594
72, generated072.png, generated073.png, 1, 228.906, 306.007, 229.360, 380.010, 229.135, 343.253, 0.006140, 0.999981, 74.005, 1.564657, 2631
73, generated073.png, generated074.png, 1, 745.314, 278.994, 744.333, 389.985, 744.796, 337.637, -0.008837, 0.999961, 110.996, 1.579633, 975
74, generated074.png, generated075.png, 1, 117.117, 243.358, 51.229, 404.044, 81.608, 329.956, -0.379385, 0.925239, 173.670, 1.959928, 4736
75, generated075.png, generated076.png, 1, 104.504, 422.455, 74.872, 395.057, 89.219, 408.322, -0.734225, -0.678906, 40.357, -2.395320, 891
76, generated076.png, generated077.png, 1, 696.929, 19.250, 570.120, 31.266, 632.576, 25.348, -0.995541, 0.094333, 127.377, 3.047119, 3240
77, generated077.png, generated078.png, 1, 188.009, 162.015, 112.103, 276.424, 152.608, 215.374, -0.552849, 0.833281, 137.299, 2.156576, 2564
78, generated078.png, generated079.png, 1, 614.048, 468.790, 540.736, 452.164, 576.815, 460.346, -0.975235, -0.221171, 75.173, -2.918577, 1205
80, generated080.png, generated081.png, 1, 465.956, 580.089, 416.664, 555.659, 442.013, 568.223, -0.895992, -0.444071, 55.013, -2.681456, 1487
81, generated081.png, generated082.png, 1, 555.367, 242.805, 478.991, 230.054, 517.250, 236.441, -0.986348, -0.164673, 77.433, -2.976166, 1535
82, generated082.png, generated083.png, 1, 117.260, 346.369, 67.024, 344.399, 93.098, 345.421, -0.999232, -0.039188, 50.275, -3.102395, 1673
85, generated085.png, generated086.png, 1, 164.631, 573.781, 125.705, 553.637, 145.360, 563.809, -0.888123, -0.459606, 43.829, -2.664041, 1121
86, generated086.png, generated087.png, 1, 656.303, 372.960, 619.075, 369.247, 638.123, 371.147, -0.995064, -0.099234, 37.413, -3.042195, 620
87, generated087.png, generated088.png, 1, 437.445, 104.372, 366.859, 98.787, 404.060, 101.730, -0.996884, -0.078881, 70.807, -3.062630, 2159
89, generated089.png, generated090.png, 1, 167.209, 124.579, 127.865, 202.437, 147.355, 163.868, -0.451018, 0.892515, 87.234, 2.038702, 3360
93, generated093.png, generated094.png, 1, 566.825, 336.751, 433.066, 355.475, 496.992, 346.526, -0.990344, 0.138631, 135.063, 3.002514, 3580
94, generated094.png, generated095.png, 1, 266.063, 129.687, 239.096, 210.366, 252.073, 171.543, -0.317011, 0.948422, 85.067, 1.893372, 1902
96, generated096.png, generated097.png, 1, 730.324, 58.856, 597.099, 21.121, 671.796, 42.278, -0.962150, -0.272521, 138.466, -2.865581, 3255
97, generated097.png, generated098.png, 1, 163.987, 97.328, 153.386, 144.863, 158.744, 120.836, -0.217664, 0.976024, 48.703, 1.790217, 579
101, generated101.png, generated102.png, 1, 469.997, 20.221, 375.961, 18.988, 422.785, 19.602, -0.999914, -0.013110, 94.044, -3.128482, 1906
102, generated102.png, generated103.png, 1, 384.846, 18.691, 270.660, 32.104, 317.422, 26.611, -0.993172, 0.116663, 114.972, 3.024663, 1107
103, generated103.png, generated104.png, 1, 101.093, 592.034, -0.134, 590.128, 45.129, 590.980, -0.999823, -0.018821, 101.246, -3.122771, 1205
104, generated104.png, generated105.png, 1, 378.295, 251.363, 331.329, 315.242, 355.188, 282.790, -0.592362, 0.805672, 79.286, 2.204783, 2555
105, generated105.png, generated106.png, 1, 90.050, 578.538, 50.187, 595.035, 71.888, 586.054, -0.923998, 0.382398, 43.142, 2.749203, 742
106, generated106.png, generated107.png, 1, 428.932, 305.397, 420.947, 305.735, 425.080, 305.560, -0.999108, 0.042232, 7.993, 3.099348, 25
108, generated108.png, generated109.png, 1, 749.213, 453.483, 730.175, 456.220, 740.908, 454.677, -0.989825, 0.142287, 19.234, 2.998821, 65
111, generated111.png, generated112.png, 1, 543.242, 106.192, 444.265, 62.400, 493.885, 84.354, -0.914489, -0.404610, 108.232, -2.725040, 2571
112, generated112.png, generated113.png, 1, 290.347, 124.552, 192.853, 130.641, 236.695, 127.903, -0.998055, 0.062332, 97.684, 3.079221, 2210
113, generated113.png, generated114.png, 1, 68.482, 544.978, 98.834, 580.833, 83.724, 562.983, 0.646103, 0.763250, 46.977, 0.868328, 811
114, generated114.png, generated115.png, 1, 192.518, 68.679, 153.199, 98.636, 176.400, 80.959, -0.795431, 0.606044, 49.430, 2.490515, 1082
116, generated116.png, generated117.png, 1, 736.112, -1.547, 745.170, 63.533, 739.891, 25.604, 0.137862, 0.990451, 65.707, 1.432494, 1099
117, generated117.png, generated118.png, 1, 128.732, 247.913, 83.926, 274.557, 105.872, 261.506, -0.859516, 0.511109, 52.130, 2.605118, 1142
118, generated118.png, generated119.png, 1, 730.912, 552.411, 740.288, 598.762, 735.551, 575.344, 0.198273, 0.980147, 47.290, 1.371201, 1146
119, generated119.png, generated120.png, 1, 83.479, 14.106, 55.966, 50.726, 69.658, 32.503, -0.600676, 0.799492, 45.804, 2.215143, 1227
121, generated121.png, generated122.png, 1, 751.695, 12.509, 685.048, 26.865, 719.890, 19.360, -0.977579, 0.210571, 68.175, 2.929433, 1877
124, generated124.png, generated125.png, 1, 118.488, 261.706, 111.730, 319.437, 115.117, 290.503, -0.116271, 0.993217, 58.125, 1.687331, 1602
126, generated126.png, generated127.png, 1, 616.142, 354.877, 524.984, 361.785, 569.324, 358.425, -0.997141, 0.075557, 91.420, 3.065963, 1508
128, generated128.png, generated129.png, 1, 348.124, 591.575, 236.137, 589.009, 288.733, 590.214, -0.999738, -0.022904, 112.016, -3.118687, 1532
129, generated129.png, generated130.png, 1, 192.084, 300.101, 217.354, 358.710, 204.845, 329.697, 0.395923, 0.918284, 63.824, 1.163724, 1712
130, generated130.png, generated131.png, 1, 347.090, 579.606, 249.173, 585.086, 293.328, 582.615, -0.998437, 0.055880, 98.070, 3.085684, 2117
131, generated131.png, generated132.png, 1, 477.630, 169.846, 482.548, 222.043, 480.119, 196.260, 0.093797, 0.995591, 52.427, 1.476861, 1111
132, generated132.png, generated133.png, 1, 286.033, 363.780, 220.981, 366.554, 251.569, 365.250, -0.999093, 0.042592, 65.111, 3.098988, 745
134, generated134.png, generated135.png, 1, 251.874, 305.800, 245.393, 374.755, 248.632, 340.292, -0.093578, 0.995612, 69.259, 1.664511, 2178
135, generated135.png, generated136.png, 1, 582.705, 470.411, 563.699, 466.437, 572.595, 468.297, -0.978832, -0.204665, 19.416, -2.935472, 37
137, generated137.png, generated138.png, 1, 215.347, 312.636, 223.742, 366.730, 219.683, 340.576, 0.153354, 0.988171, 54.741, 1.416835, 1058
140, generated140.png, generated141.png, 1, 131.406, 389.256, 143.946, 418.318, 137.659, 403.746, 0.396182, 0.918172, 31.652, 1.163442, 410
142, generated142.png, generated143.png, 1, 190.465, 269.657, 141.822, 405.351, 169.641, 327.747, -0.337448, 0.941344, 144.149, 1.915001, 3064
143, generated143.png, generated144.png, 1, 489.138, 347.898, 372.819, 365.825, 425.164, 357.757, -0.988331, 0.152321, 117.693, 2.988677, 1788
145, generated145.png, generated146.png, 1, 37.197, 456.651, 20.864, 503.953, 28.716, 481.213, -0.326374, 0.945241, 50.042, 1.903261, 1070
147, generated147.png, generated148.png, 1, 396.420, 258.182, 347.493, 246.868, 371.697, 252.465, -0.974291, -0.225295, 50.218, -2.914347, 1064
149, generated149.png, generated150.png, 1, 360.643, 87.949, 290.279, 130.906, 322.025, 111.525, -0.853512, 0.521073, 82.440, 2.593485, 1353
150, generated150.png, generated151.png, 1, 72.251, 441.328, 37.989, 422.020, 54.598, 431.380, -0.871192, -0.490942, 39.329, -2.628422, 500
151, generated151.png, generated152.png, 1, 734.146, 316.423, 689.691, 320.985, 711.981, 318.698, -0.994777, 0.102075, 44.689, 3.039340, 873
152, generated152.png, generated153.png, 1, 384.933, 147.415, 290.912, 158.240, 338.218, 152.794, -0.993438, 0.114373, 94.641, 3.026968, 3185
153, generated153.png, generated154.png, 1, 625.685, 551.078, 586.989, 526.599, 605.208, 538.124, -0.845102, -0.534604, 45.790, -2.577553, 644
154, generated154.png, generated155.png, 1, 363.858, 40.798, 272.940, 36.189, 322.163, 38.685, -0.998717, -0.050633, 91.035, -3.090938, 1065
155, generated155.png, generated156.png, 1, 133.982, 529.025, 85.228, 493.324, 108.376, 510.275, -0.806810, -0.590811, 60.428, -2.509529, 1223
157, generated157.png, generated158.png, 1, 332.744, 12.960, 261.733, 21.868, 296.426, 17.516, -0.992224, 0.124466, 71.568, 3.016803, 1507
159, generated159.png, generated160.png, 1, 290.340, 18.138, 247.969, 21.624, 269.339, 19.866, -0.996634, 0.081981, 42.514, 3.059520, 1075
162, generated162.png, generated163.png, 1, 299.335, 50.622, 253.035, 60.172, 276.355, 55.362, -0.979383, 0.202012, 47.274, 2.938181, 904
165, generated165.png, generated166.png, 1, 327.082, 421.259, 294.921, 417.723, 308.840, 419.253, -0.994011, -0.109281, 32.355, -3.032093, 162
166, generated166.png, generated167.png, 1, 627.406, 133.002, 589.843, 113.063, 609.351, 123.418, -0.883277, -0.468852, 42.527, -2.653602, 851
167, generated167.png, generated168.png, 1, 147.017, 33.968, 150.554, 147.983, 148.773, 90.579, 0.031013, 0.999519, 114.069, 1.539778, 1623
168, generated168.png, generated169.png, 1, 655.541, 323.462, 609.297, 357.404, 632.628, 340.279, -0.806163, 0.591694, 57.364, 2.508434, 952
169, generated169.png, generated170.png, 1, 179.101, 145.921, 183.412, 206.114, 181.488, 179.248, 0.071425, 0.997446, 60.347, 1.499311, 697
171, generated171.png, generated172.png, 1, 659.850, 305.805, 608.476, 358.441, 634.524, 331.753, -0.698477, 0.715632, 73.551, 2.344064, 1653
172, generated172.png, generated173.png, 1, 225.636, 121.818, 179.889, 150.422, 201.643, 136.820, -0.847894, 0.530165, 53.953, 2.582797, 1072
173, generated173.png, generated174.png, 1, 65.386, 496.666, 108.436, 546.487, 87.493, 522.250, 0.653814, 0.756655, 65.844, 0.858182, 1232
174, generated174.png, generated175.png, 1, 12.693, 181.334, 21.994, 252.214, 17.778, 220.084, 0.130105, 0.991500, 71.487, 1.440322, 2401
176, generated176.png, generated177.png, 1, 630.333, 327.176, 619.049, 348.554, 624.332, 338.544, -0.466793, 0.884367, 24.173, 2.056457, 259
177, generated177.png, generated178.png, 1, 59.900, 161.841, 74.492, 180.919, 67.044, 171.181, 0.607538, 0.794291, 24.018, 0.917839, 182
178, generated178.png, generated179.png, 1, 640.238, 326.214, 613.248, 356.223, 626.573, 341.408, -0.668728, 0.743507, 40.361, 2.303293, 735
179, generated179.png, generated180.png, 1, 259.208, 181.466, 249.116, 215.333, 254.258, 198.078, -0.285594, 0.958351, 35.338, 1.860423, 702
181, generated181.png, generated182.png, 1, 493.011, 126.990, 528.806, 164.225, 510.443, 145.123, 0.693025, 0.720914, 51.651, 0.805120, 1029
182, generated182.png, generated183.png, 1, 291.455, 191.397, 250.156, 231.199, 269.134, 212.909, -0.720038, 0.693935, 57.357, 2.374653, 1586
184, generated184.png, generated185.png, 1, 295.670, 218.993, 295.885, 270.009, 295.778, 244.511, 0.004219, 0.999991, 51.016, 1.566578, 1192
185, generated185.png, generated186.png, 1, 363.781, 416.945, 329.791, 423.991, 344.875, 420.864, -0.979182, 0.202987, 34.713, 2.937186, 280
186, generated186.png, generated187.png, 1, 477.002, 113.994, 388.468, 93.025, 429.294, 102.694, -0.973081, -0.230464, 90.983, -2.909038, 1175
187, generated187.png, generated188.png, 1, 326.260, 285.632, 335.997, 319.001, 331.052, 302.053, 0.280109, 0.959968, 34.760, 1.286888, 731
189, generated189.png, generated190.png, 1, 205.711, 237.833, 182.425, 313.594, 194.271, 275.052, -0.293804, 0.955866, 79.258, 1.869000, 1698
191, generated191.png, generated192.png, 1, 531.193, 268.848, 526.941, 347.160, 528.855, 311.899, -0.054214, 0.998529, 78.427, 1.625037, 1528
192, generated192.png, generated193.png, 1, 229.683, 207.753, 207.356, 236.500, 218.498, 222.154, -0.613389, 0.789781, 36.398, 2.231141, 857
195, generated195.png, generated196.png, 1, 626.900, 558.780, 584.021, 578.249, 605.209, 568.629, -0.910547, 0.413406, 47.092, 2.715401, 862
196, generated196.png, generated197.png, 1, 460.900, 161.133, 411.536, 123.961, 436.112, 142.467, -0.798843, -0.601540, 61.795, -2.496165, 902
197, generated197.png, generated198.png, 1, 120.705, 157.203, 53.329, 140.661, 84.255, 148.254, -0.971158, -0.238438, 69.377, -2.900835, 964
199, generated199.png, generated200.png, 1, 710.030, 2.126, 560.947, 4.211, 628.437, 3.267, -0.999902, 0.013980, 149.097, 3.127612, 1079
200, generated200.png, generated201.png, 1, 534.571, 407.207, 422.294, 436.274, 478.808, 421.643, -0.968084, 0.250624, 115.979, 2.888267, 4495
201, generated201.png, generated202.png, 1, 562.000, 2.159, 459.000, 2.171, 510.597, 2.165, -1.000000, 0.000119, 103.000, 3.141474, 546
202, generated202.png, generated203.png, 1, 484.047, 7.794, 371.876, 33.214, 417.587, 22.855, -0.975271, 0.221012, 115.015, 2.918741, 3774
203, generated203.png, generated204.png, 1, 156.008, 594.430, 96.009, 594.242, 126.049, 594.336, -0.999995, -0.003123, 60.000, -3.138470, 369
204, generated204.png, generated205.png, 1, 707.016, 529.137, 605.653, 541.047, 657.311, 534.977, -0.993169, 0.116688, 102.060, 3.024639, 2162
205, generated205.png, generated206.png, 1, 230.212, 290.395, 149.564, 258.008, 189.843, 274.183, -0.927971, -0.372653, 86.908, -2.759726, 2668
206, generated206.png, generated207.png, 1, 375.005, 1.834, 303.008, 2.266, 338.122, 2.055, -0.999982, 0.006011, 71.999, 3.135582, 362
207, generated207.png, generated208.png, 1, 650.170, 39.856, 609.106, 107.856, 627.370, 77.611, -0.516938, 0.856023, 79.437, 2.114066, 1585
208, generated208.png, generated209.png, 1, 711.028, 594.912, 641.040, 593.986, 674.333, 594.427, -0.999913, -0.013216, 69.994, -3.128376, 415
209, generated209.png, generated210.png, 1, 54.248, 171.248, -5.604, 196.948, 25.425, 183.624, -0.918869, 0.394564, 65.137, 2.736000, 2056
210, generated210.png, generated211.png, 1, 76.250, 293.112, -0.003, 283.025, 34.653, 287.610, -0.991364, -0.131138, 76.917, -3.010075, 1447
211, generated211.png, generated212.png, 1, 348.001, 13.802, 273.994, 13.479, 313.150, 13.650, -0.999990, -0.004363, 74.008, -3.137229, 1329
212, generated212.png, generated213.png, 1, 678.030, 17.591, 590.046, 49.635, 631.516, 34.531, -0.939622, 0.342213, 93.638, 2.792321, 1690
213, generated213.png, generated214.png, 1, 133.876, 207.592, 147.560, 279.841, 141.307, 246.828, 0.186095, 0.982532, 73.534, 1.383610, 1328
214, generated214.png, generated215.png, 1, 297.166, 365.908, 244.079, 402.669, 266.732, 386.983, -0.822128, 0.569303, 64.573, 2.535935, 1267
215, generated215.png, generated216.png, 1, 705.501, 147.392, 645.405, 125.869, 675.055, 136.488, -0.941441, -0.337176, 63.834, -2.797677, 963
216, generated216.png, generated217.png, 1, 554.995, 309.783, 488.992, 310.054, 521.446, 309.921, -0.999992, 0.004113, 66.004, 3.137480, 756
217, generated217.png, generated218.png, 1, 434.823, 39.442, 376.332, 58.045, 404.026, 49.237, -0.952964, 0.303084, 61.377, 2.833666, 1529
218, generated218.png, generated219.png, 1, 74.940, 435.305, 26.658, 425.723, 51.895, 430.732, -0.980873, -0.194649, 49.223, -2.945693, 708
219, generated219.png, generated220.png, 1, 681.726, 382.192, 574.583, 413.967, 626.365, 398.610, -0.958728, 0.284325, 111.755, 2.853290, 1847
220, generated220.png, generated221.png, 1, 167.482, 577.145, 124.863, 560.756, 144.354, 568.251, -0.933371, -0.358912, 45.662, -2.774490, 848
221, generated221.png, generated222.png, 1, 537.035, 11.749, 450.998, 12.848, 496.447, 12.267, -0.999918, 0.012770, 86.044, 3.128823, 999
222, generated222.png, generated223.png, 1, 282.902, 69.177, 197.403, 85.154, 235.685, 78.001, -0.982986, 0.183683, 86.979, 2.956861, 1865
223, generated223.png, generated224.png, 1, 666.895, 249.815, 618.328, 277.574, 644.823, 262.430, -0.868193, 0.496227, 55.940, 2.622345, 453
224, generated224.png, generated225.png, 1, 204.645, 356.980, 205.094, 414.992, 204.881, 387.524, 0.007728, 0.999970, 58.014, 1.563068, 573
225, generated225.png, generated226.png, 1, 102.827, 270.659, 52.499, 284.464, 75.033, 278.283, -0.964375, 0.264537, 52.187, 2.873868, 272
226, generated226.png, generated227.png, 1, 549.017, 452.472, 475.993, 451.671, 512.882, 452.076, -0.999940, -0.010964, 73.029, -3.130629, 474
227, generated227.png, generated228.png, 1, 471.199, 510.500, 411.670, 534.170, 439.735, 523.011, -0.929236, 0.369486, 64.062, 2.763136, 457
228, generated228.png, generated229.png, 1, 746.974, 539.989, 746.661, 596.998, 746.813, 569.381, -0.005498, 0.999985, 57.010, 1.576294, 299
229, generated229.png, generated230.png, 1, 467.985, 2.813, 399.970, 3.695, 431.591, 3.285, -0.999916, 0.012960, 68.020, 3.128632, 460
230, generated230.png, generated231.png, 1, 404.364, 266.166, 374.512, 249.895, 386.965, 256.682, -0.878037, -0.478592, 33.999, -2.642542, 258
231, generated231.png, generated232.png, 1, 562.773, 474.725, 509.318, 461.697, 541.356, 469.505, -0.971560, -0.236794, 55.020, -2.902528, 550
232, generated232.png, generated233.png, 1, 275.694, 212.841, 234.469, 237.775, 254.512, 225.652, -0.855675, 0.517513, 48.179, 2.597651, 443
233, generated233.png, generated234.png, 1, 747.132, 377.994, 747.017, 413.994, 747.075, 395.931, -0.003194, 0.999995, 36.000, 1.573991, 173
234, generated234.png, generated235.png, 1, 3.862, 330.015, 3.035, 378.052, 3.422, 355.532, -0.017212, 0.999852, 48.045, 1.588009, 329
235, generated235.png, generated236.png, 1, 328.925, 124.453, 292.915, 129.381, 308.172, 127.293, -0.990767, 0.135578, 36.345, 3.005596, 99
236, generated236.png, generated237.png, 1, 683.270, 166.856, 644.316, 157.660, 663.335, 162.150, -0.973250, -0.229747, 40.024, -2.909775, 334
237, generated237.png, generated238.png, 1, 462.817, 540.441, 412.916, 546.285, 436.195, 543.559, -0.993213, 0.116306, 50.242, 3.025023, 256
238, generated238.png, generated239.png, 1, 440.047, 136.439, 401.662, 111.021, 420.554, 123.531, -0.833763, -0.552122, 46.038, -2.556685, 352
239, generated239.png, generated240.png, 1, 450.201, 153.109, 398.716, 158.023, 419.301, 156.058, -0.995478, 0.094997, 51.719, 3.046452, 326
240, generated240.png, generated241.png, 1, 234.848, 271.458, 192.800, 283.288, 210.602, 278.280, -0.962627, 0.270830, 43.680, 2.867338, 186
241, generated241.png, generated242.png, 1, 719.998, 221.991, 686.654, 230.673, 703.702, 226.234, -0.967734, 0.251974, 34.455, 2.886873, 252
242, generated242.png, generated243.png, 1, 604.034, 365.170, 562.895, 373.479, 581.873, 369.646, -0.980206, 0.197980, 41.970, 2.942296, 158
243, generated243.png, generated244.png, 1, 251.010, 403.990, 275.763, 429.214, 264.599, 417.837, 0.700402, 0.713748, 35.340, 0.794835, 369
244, generated244.png, generated245.png, 1, 670.838, 447.831, 638.778, 507.124, 655.326, 476.520, -0.475628, 0.879646, 67.406, 2.066474, 1348
245, generated245.png, generated246.png, 1, 20.414, 102.756, 38.511, 140.710, 29.383, 121.567, 0.430407, 0.902635, 42.047, 1.125852, 180
246, generated246.png, generated247.png, 1, 351.012, 4.613, 308.989, 3.352, 328.538, 3.938, -0.999550, -0.029992, 42.041, -3.111596, 275
247, generated247.png, generated248.png, 1, 663.969, 18.878, 623.746, 28.989, 644.298, 23.823, -0.969827, 0.243792, 41.475, 2.895319, 248
248, generated248.png, generated249.png, 1, 227.144, 272.603, 186.314, 282.320, 204.630, 277.961, -0.972830, 0.231522, 41.970, 2.907951, 230
249, generated249.png, generated250.png, 1, 196.431, 79.835, 202.271, 130.624, 199.342, 105.150, 0.114220, 0.993456, 51.123, 1.456327, 632
250, generated250.png, generated251.png, 1, 424.254, 404.557, 383.128, 423.282, 403.582, 413.969, -0.910099, 0.414391, 45.187, 2.714319, 196
251, generated251.png, generated252.png, 1, 108.733, 370.808, 83.735, 355.430, 96.602, 363.346, -0.851743, -0.523960, 29.349, -2.590099, 269
252, generated252.png, generated253.png, 1, 667.478, 365.919, 614.684, 391.417, 639.134, 379.608, -0.900480, 0.434898, 58.629, 2.691668, 559
253, generated253.png, generated254.png, 1, 374.211, 382.394, 352.763, 401.029, 364.324, 390.985, -0.754875, 0.655868, 28.413, 2.426260, 204
254, generated254.png, generated255.png, 1, 480.885, 16.756, 448.545, 32.036, 465.884, 23.844, -0.904159, 0.427197, 35.768, 2.700203, 224
255, generated255.png, generated256.png, 1, 372.164, 441.803, 328.956, 440.116, 348.936, 440.896, -0.999239, -0.038997, 43.240, -3.102585, 327
256, generated256.png, generated257.png, 1, 684.107, 455.245, 638.909, 452.485, 660.906, 453.828, -0.998140, -0.060966, 45.282, -3.080589, 489
257, generated257.png, generated258.png, 1, 622.909, 317.066, 580.405, 347.359, 599.726, 333.589, -0.814333, 0.580398, 52.194, 2.522375, 146
258, generated258.png, generated259.png, 1, 415.494, 432.380, 386.678, 409.403, 399.246, 419.424, -0.781873, -0.623438, 36.855, -2.468461, 578
259, generated259.png, generated260.png, 1, 296.894, 31.830, 241.381, 66.608, 273.028, 46.782, -0.847434, 0.530901, 65.507, 2.581930, 325
260, generated260.png, generated261.png, 1, 544.782, 415.590, 515.159, 431.300, 530.040, 423.408, -0.883454, 0.468518, 33.531, 2.653980, 125
261, generated261.png, generated262.png, 1, 366.022, 368.093, 330.821, 376.224, 348.004, 372.255, -0.974350, 0.225039, 36.128, 2.914610, 255
262, generated262.png, generated263.png, 1, 487.009, 54.897, 451.992, 55.261, 470.101, 55.073, -0.999946, 0.010394, 35.019, 3.131198, 386
263, generated263.png, generated264.png, 1, 291.185, 218.994, 292.858, 271.069, 292.065, 246.402, 0.032111, 0.999484, 52.102, 1.538680, 368
264, generated264.png, generated265.png, 1, 621.122, 303.879, 589.095, 305.238, 604.872, 304.568, -0.999101, 0.042400, 32.056, 3.099180, 366
265, generated265.png, generated266.png, 1, 504.395, 423.891, 472.100, 438.225, 487.509, 431.386, -0.914013, 0.405686, 35.334, 2.723864, 114
266, generated266.png, generated267.png, 1, 713.007, 10.226, 668.993, 9.850, 687.982, 10.012, -0.999963, -0.008548, 44.015, -3.133045, 169
267, generated267.png, generated268.png, 1, 427.528, 519.468, 373.355, 542.054, 397.782, 531.870, -0.922998, 0.384806, 58.692, 2.746595, 353
268, generated268.png, generated269.png, 1, 95.974, 443.915, 61.970, 444.735, 77.620, 444.357, -0.999710, 0.024089, 34.014, 3.117502, 221
269, generated269.png, generated270.png, 1, 114.007, 10.991, 75.987, 11.277, 99.312, 11.101, -0.999972, 0.007505, 38.021, 3.134087, 276
270, generated270.png, generated271.png, 1, 629.005, 265.352, 595.998, 265.829, 611.704, 265.602, -0.999895, 0.014458, 33.011, 3.127134, 314
271, generated271.png, generated272.png, 1, 733.004, 70.556, 742.644, 114.079, 737.912, 92.716, 0.216269, 0.976334, 44.578, 1.352805, 285
272, generated272.png, generated273.png, 1, 52.015, 486.714, 11.970, 484.563, 31.278, 485.600, -0.998561, -0.053619, 40.103, -3.087948, 180
273, generated273.png, generated274.png, 1, 338.755, 534.335, 319.058, 519.921, 328.171, 526.589, -0.806996, -0.590557, 24.408, -2.509844, 129
274, generated274.png, generated275.png, 1, 198.683, 148.998, 188.620, 172.268, 194.190, 159.389, -0.396920, 0.917853, 25.353, 1.978955, 306
275, generated275.png, generated276.png, 1, 423.062, 551.804, 374.963, 555.527, 397.735, 553.765, -0.997018, 0.077172, 48.243, 3.064344, 204
276, generated276.png, generated277.png, 1, 698.124, 489.656, 660.161, 496.847, 679.632, 493.159, -0.982529, 0.186112, 38.639, 2.954390, 220
277, generated277.png, generated278.png, 1, 250.985, 6.915, 186.956, 7.791, 210.164, 7.474, -0.999906, 0.013676, 64.035, 3.127916, 477
278, generated278.png, generated279.png, 1, 214.082, 293.889, 186.943, 296.379, 200.166, 295.166, -0.995819, 0.091352, 27.253, 3.050113, 151
279, generated279.png, generated280.png, 1, 482.356, 487.770, 453.471, 502.899, 468.720, 494.912, -0.885859, 0.463954, 32.607, 2.659139, 250
280, generated280.png, generated281.png, 1, 659.855, 571.648, 625.769, 564.036, 641.798, 567.615, -0.975957, -0.217962, 34.926, -2.921867, 104
281, generated281.png, generated282.png, 1, 346.908, 89.445, 304.078, 80.620, 327.310, 85.407, -0.979424, -0.201811, 43.730, -2.938386, 113
282, generated282.png, generated283.png, 1, 298.043, 6.966, 218.972, 3.659, 260.098, 5.379, -0.999127, -0.041783, 79.140, -3.099798, 417
283, generated283.png, generated284.png, 1, 550.010, 407.933, 512.735, 427.407, 532.936, 416.853, -0.886331, 0.463051, 42.055, 2.660158, 251
284, generated284.png, generated285.png, 1, 251.756, 8.354, 219.789, 20.443, 232.574, 15.608, -0.935349, 0.353728, 34.176, 2.780039, 204
285, generated285.png, generated286.png, 1, 740.050, 435.293, 706.024, 436.616, 725.167, 435.872, -0.999245, 0.038851, 34.052, 3.102732, 203
286, generated286.png, generated287.png, 1, 742.097, 534.732, 693.653, 517.197, 719.412, 526.521, -0.940301, -0.340344, 51.520, -2.794310, 718
287, generated287.png, generated288.png, 1, 667.958, 487.565, 629.928, 491.257, 649.163, 489.389, -0.995321, 0.096621, 38.209, 3.044821, 190
288, generated288.png, generated289.png, 1, 729.055, 428.691, 690.678, 443.731, 710.279, 436.050, -0.931052, 0.364887, 41.218, 2.768081, 222
289, generated289.png, generated290.png, 1, 442.347, 499.928, 447.716, 525.852, 445.033, 512.897, 0.202805, 0.979219, 26.474, 1.366575, 184
290, generated290.png, generated291.png, 1, 226.122, 288.377, 197.229, 297.708, 211.039, 293.248, -0.951607, 0.307318, 30.362, 2.829219, 206
291, generated291.png, generated292.png, 1, 741.984, 228.768, 713.981, 230.720, 728.683, 229.695, -0.997577, 0.069568, 28.071, 3.071968, 82
292, generated292.png, generated293.png, 1, 251.000, 67.015, 215.012, 66.340, 232.142, 66.661, -0.999824, -0.018763, 35.994, -3.122828, 127
293, generated293.png, generated294.png, 1, 629.657, 118.979, 630.350, 141.020, 630.042, 131.217, 0.031439, 0.999506, 22.052, 1.539352, 120
294, generated294.png, generated295.png, 1, 682.900, 70.527, 657.103, 89.800, 671.599, 78.970, -0.801108, 0.598520, 32.201, 2.499941, 232
295, generated295.png, generated296.png, 1, 439.010, 248.190, 404.996, 249.920, 421.685, 249.071, -0.998709, 0.050788, 34.058, 3.090783, 127
296, generated296.png, generated297.png, 1, 297.595, 210.758, 284.222, 233.133, 290.823, 222.089, -0.513037, 0.858366, 26.067, 2.109516, 79
297, generated297.png, generated298.png, 1, 39.802, 511.418, 14.960, 519.882, 27.533, 515.598, -0.946561, 0.322526, 26.244, 2.813196, 107
298, generated298.png, generated299.png, 1, 134.282, 257.012, 133.043, 285.046, 133.619, 272.007, -0.044163, 0.999024, 28.061, 1.614973, 147
299, generated299.png, generated300.png, 1, 667.689, 41.494, 632.016, 63.397, 653.144, 50.424, -0.852189, 0.523234, 41.861, 2.590951, 250
300, generated300.png, generated301.png, 1, 531.055, 415.152, 509.937, 422.825, 520.253, 419.077, -0.939880, 0.341504, 22.470, 2.793076, 91
301, generated301.png, generated302.png, 1, 705.094, 72.503, 676.953, 77.746, 690.606, 75.202, -0.983081, 0.183173, 28.625, 2.957380, 94
302, generated302.png, generated303.png, 1, 625.999, 450.072, 581.007, 449.487, 603.525, 449.780, -0.999915, -0.013004, 44.996, -3.128589, 177
303, generated303.png, generated304.png, 1, 432.616, 128.314, 447.955, 147.037, 441.082, 138.648, 0.633745, 0.773542, 24.203, 0.884411, 122
304, generated304.png, generated305.png, 1, 293.681, 481.768, 277.336, 504.244, 286.453, 491.707, -0.588140, 0.808759, 27.791, 2.199553, 150
305, generated305.png, generated306.png, 1, 373.030, 427.164, 346.992, 426.232, 361.790, 426.762, -0.999360, -0.035781, 26.055, -3.105804, 105
306, generated306.png, generated307.png, 1, 373.673, 4.019, 339.960, 0.368, 361.237, 2.672, -0.994184, -0.107691, 33.910, -3.033693, 177
307, generated307.png, generated308.png, 1, 1.816, 212.017, 2.335, 248.967, 2.088, 231.409, 0.014041, 0.999901, 36.954, 1.556755, 181
308, generated308.png, generated309.png, 1, 395.989, 574.877, 376.966, 576.630, 385.513, 575.842, -0.995780, 0.091769, 19.103, 3.049695, 76
309, generated309.png, generated310.png, 1, 450.352, 177.525, 433.013, 194.014, 442.130, 185.345, -0.724651, 0.689116, 23.927, 2.381324, 177
310, generated310.png, generated311.png, 1, 708.693, 87.989, 707.688, 117.093, 708.240, 101.102, -0.034505, 0.999405, 29.121, 1.605308, 225
311, generated311.png, generated312.png, 1, 734.125, 305.115, 701.970, 308.730, 718.148, 306.911, -0.993740, 0.111720, 32.358, 3.029639, 135
312, generated312.png, generated313.png, 1, 444.405, 150.147, 452.095, 181.224, 447.970, 164.556, 0.240219, 0.970719, 32.014, 1.328205, 135
313, generated313.png, generated314.png, 1, 417.003, 403.014, 402.821, 406.202, 409.766, 404.641, -0.975649, 0.219337, 14.536, 2.920458, 64
314, generated314.png, generated315.png, 1, 599.483, 544.778, 562.748, 567.594, 579.309, 557.309, -0.849492, 0.527601, 43.244, 2.585818, 243
315, generated315.png, generated316.png, 1, 749.783, 261.144, 734.601, 247.251, 741.932, 253.959, -0.737728, -0.675098, 20.580, -2.400494, 221
316, generated316.png, generated317.png, 1, 720.028, 520.535, 699.978, 521.584, 710.404, 521.038, -0.998633, 0.052269, 20.077, 3.089300, 52
317, generated317.png, generated318.png, 1, 415.165, 390.582, 376.842, 401.444, 395.194, 396.242, -0.962104, 0.272683, 39.832, 2.865412, 227
318, generated318.png, generated319.png, 1, 253.874, 275.829, 239.997, 285.996, 246.219, 281.438, -0.806664, 0.591010, 17.203, 2.509283, 64
319, generated319.png, generated320.png, 1, 582.550, 525.357, 561.618, 540.028, 571.404, 533.169, -0.818905, 0.573930, 25.561, 2.530296, 178
320, generated320.png, generated321.png, 1, 440.997, 104.037, 412.017, 101.776, 426.102, 102.875, -0.996971, -0.077779, 29.068, -3.063735, 88
321, generated321.png, generated322.png, 1, 721.019, 233.610, 686.990, 234.670, 706.468, 234.063, -0.999516, 0.031122, 34.046, 3.110465, 79
322, generated322.png, generated323.png, 1, 430.003, 530.177, 396.995, 530.680, 413.098, 530.434, -0.999884, 0.015250, 33.011, 3.126342, 122
323, generated323.png, generated324.png, 1, 723.152, 70.879, 736.041, 86.967, 729.373, 78.644, 0.625234, 0.780438, 20.615, 0.895366, 59
324, generated324.png, generated325.png, 1, 419.363, 504.119, 414.733, 518.240, 416.957, 511.457, -0.311557, 0.950227, 14.861, 1.887627, 70
325, generated325.png, generated326.png, 1, 643.906, 570.469, 623.912, 566.438, 632.630, 568.196, -0.980281, -0.197609, 20.396, -2.942674, 46
326, generated326.png, generated327.png, 1, 463.281, 151.918, 470.647, 177.103, 466.588, 163.225, 0.280704, 0.959794, 26.240, 1.286269, 102
327, generated327.png, generated328.png, 1, 628.068, 378.212, 596.756, 388.237, 611.565, 383.496, -0.952379, 0.304918, 32.878, 2.831740, 248
328, generated328.png, generated329.png, 1, 529.933, 75.507, 541.447, 97.292, 535.412, 85.873, 0.467277, 0.884111, 24.641, 1.084588, 102
329, generated329.png, generated330.png, 1, 580.805, 320.719, 562.566, 333.374, 570.444, 327.907, -0.821597, 0.570069, 22.200, 2.535003, 108
330, generated330.png, generated331.png, 1, 110.981, 395.497, 91.011, 394.720, 100.306, 395.082, -0.999242, -0.038925, 19.985, -3.102658, 49
331, generated331.png, generated332.png, 1, 715.997, 10.024, 681.970, 6.275, 696.772, 7.906, -0.993985, -0.109512, 34.234, -3.031861, 127
332, generated332.png, generated333.png, 1, 641.234, 37.866, 614.805, 55.711, 627.446, 47.176, -0.828765, 0.559596, 31.890, 2.547694, 74
333, generated333.png, generated334.png, 1, 529.761, 555.851, 533.493, 574.904, 531.500, 564.729, 0.192182, 0.981359, 19.415, 1.377411, 70
334, generated334.png, generated335.png, 1, 261.155, 178.465, 252.811, 207.235, 257.680, 190.446, -0.278540, 0.960425, 29.956, 1.853070, 175
335, generated335.png, generated336.png, 1, 446.000, 242.999, 422.980, 244.737, 432.163, 244.043, -0.997162, 0.075280, 23.085, 3.066241, 92
336, generated336.png, generated337.png, 1, 729.004, 73.527, 706.997, 73.327, 717.976, 73.427, -0.999958, -0.009114, 22.008, -3.132478, 82
337, generated337.png, generated338.png, 1, 57.984, 33.161, 23.027, 29.728, 40.288, 31.423, -0.995214, -0.097721, 35.126, -3.043716, 104
338, generated338.png, generated339.png, 1, 422.100, 417.977, 425.840, 434.037, 423.917, 425.778, 0.226821, 0.973936, 16.490, 1.341984, 36
339, generated339.png, generated340.png, 1, 419.944, 1.095, 379.974, 3.587, 398.261, 2.447, -0.998062, 0.062226, 40.047, 3.079326, 188
340, generated340.png, generated341.png, 1, 420.003, 249.604, 397.997, 249.460, 408.145, 249.526, -0.999979, -0.006530, 22.006, -3.135063, 76
341, generated341.png, generated342.png, 1, 348.063, 300.983, 325.962, 299.624, 336.848, 300.293, -0.998115, -0.061378, 22.143, -3.080176, 92
342, generated342.png, generated343.png, 1, 113.016, 173.570, 73.034, 172.083, 94.045, 172.865, -0.999309, -0.037173, 40.010, -3.104412, 155
343, generated343.png, generated344.png, 1, 748.146, 527.973, 747.273, 555.946, 747.680, 542.900, -0.031210, 0.999513, 27.986, 1.602011, 100
344, generated344.png, generated345.png, 1, 235.049, 1.894, 192.077, 2.999, 212.351, 2.478, -0.999670, 0.025705, 42.986, 3.115884, 245
345, generated345.png, generated346.png, 1, 139.858, 99.264, 122.127, 89.763, 131.250, 94.652, -0.881446, -0.472285, 20.117, -2.649711, 112
346, generated346.png, generated347.png, 1, 696.000, 150.973, 667.995, 150.794, 681.464, 150.880, -0.999980, -0.006391, 28.006, -3.135202, 125
347, generated347.png, generated348.png, 1, 600.342, 336.500, 580.490, 362.613, 590.209, 349.829, -0.605204, 0.796070, 32.802, 2.220819, 211
348, generated348.png, generated349.png, 1, 373.005, 93.935, 351.001, 93.840, 363.304, 93.893, -0.999991, -0.004331, 22.004, -3.137262, 112
349, generated349.png, generated350.png, 1, 595.841, 476.680, 569.815, 489.629, 582.023, 483.555, -0.895301, 0.445462, 29.069, 2.679903, 128
350, generated350.png, generated351.png, 1, 4.305, 255.689, 0.205, 278.038, 2.354, 266.323, -0.180437, 0.983587, 22.722, 1.752227, 96
351, generated351.png, generated352.png, 1, 352.993, 346.964, 326.988, 351.939, 339.736, 349.500, -0.982188, 0.187900, 26.476, 2.952569, 106
352, generated352.png, generated353.png, 1, 469.993, 456.671, 424.992, 457.623, 446.701, 457.164, -0.999776, 0.021149, 45.011, 3.120442, 177
353, generated353.png, generated354.png, 1, 166.390, 414.003, 166.206, 438.002, 166.286, 427.597, -0.007670, 0.999971, 23.999, 1.578466, 77
354, generated354.png, generated355.png, 1, 447.494, 464.548, 433.821, 479.840, 441.022, 471.787, -0.666524, 0.745483, 20.514, 2.300333, 136
355, generated355.png, generated356.png, 1, 669.940, 542.019, 676.158, 561.272, 673.022, 551.562, 0.307317, 0.951607, 20.232, 1.258424, 137
356, generated356.png, generated357.png, 1, 115.669, 221.967, 115.267, 238.007, 115.476, 229.667, -0.025088, 0.999685, 16.045, 1.595887, 63
357, generated357.png, generated358.png, 1, 642.703, 346.193, 609.746, 358.310, 625.041, 352.687, -0.938574, 0.345077, 35.114, 2.789272, 147
358, generated358.png, generated359.png, 1, 429.909, 127.176, 409.622, 116.735, 420.373, 122.269, -0.889154, -0.457608, 22.817, -2.666289, 67
359, generated359.png, generated360.png, 1, 17.915, 84.590, 25.222, 100.901, 21.951, 93.599, 0.408812, 0.912619, 17.872, 1.149644, 142
360, generated360.png, generated361.png, 1, 469.005, 248.109, 451.993, 248.840, 460.310, 248.483, -0.999079, 0.042914, 17.027, 3.098666, 29
361, generated361.png, generated362.png, 1, 747.861, 494.008, 748.038, 520.007, 747.950, 507.062, 0.006827, 0.999977, 25.999, 1.563970, 80
362, generated362.png, generated363.png, 1, 588.302, 101.788, 569.718, 85.318, 579.652, 94.122, -0.748394, -0.663255, 24.832, -2.416433, 115
363, generated363.png, generated364.png, 1, 428.289, 272.746, 396.080, 285.207, 411.290, 279.323, -0.932640, 0.360809, 34.535, 2.772457, 124
364, generated364.png, generated365.png, 1, 463.190, 317.167, 446.964, 318.587, 456.959, 317.712, -0.996196, 0.087147, 16.288, 3.054335, 73
365, generated365.png, generated366.png, 1, 453.420, 114.665, 439.449, 102.485, 446.254, 108.418, -0.753777, -0.657131, 18.535, -2.424587, 67
366, generated366.png, generated367.png, 1, 746.207, 181.994, 746.923, 207.059, 746.591, 195.424, 0.028544, 0.999593, 25.075, 1.542248, 132
367, generated367.png, generated368.png, 1, 670.854, 51.577, 638.872, 62.631, 655.164, 57.000, -0.945139, 0.326670, 33.838, 2.808815, 61
368, generated368.png, generated369.png, 1, 93.264, 374.687, 102.935, 385.061, 98.080, 379.853, 0.681872, 0.731471, 14.183, 0.820477, 75
369, generated369.png, generated370.png, 1, 600.326, 483.341, 591.095, 492.148, 595.577, 487.872, -0.723532, 0.690291, 12.758, 2.379701, 78
370, generated370.png, generated371.png, 1, 733.000, 590.345, 716.000, 590.347, 725.173, 590.346, -1.000000, 0.000115, 17.000, 3.141478, 52
371, generated371.png, generated372.png, 1, 113.961, 237.497, 94.974, 237.987, 104.455, 237.743, -0.999668, 0.025785, 18.994, 3.115805, 101
372, generated372.png, generated373.png, 1, 266.075, 1.335, 245.747, 5.862, 256.217, 3.530, -0.976091, 0.217363, 20.826, 2.922481, 115
373, generated373.png, generated374.png, 1, 229.337, 426.019, 229.932, 447.030, 229.697, 438.742, 0.028319, 0.999599, 21.020, 1.542474, 66
374, generated374.png, generated375.png, 1, 227.601, 216.813, 220.951, 230.977, 224.234, 223.984, -0.424996, 0.905195, 15.648, 2.009754, 64
375, generated375.png, generated376.png, 1, 356.009, 106.704, 339.999, 106.909, 348.122, 106.805, -0.999917, 0.012849, 16.012, 3.128743, 41
376, generated376.png, generated377.png, 1, 360.087, 384.539, 336.002, 379.990, 348.296, 382.312, -0.982623, -0.185613, 24.511, -2.954897, 125
377, generated377.png, generated378.png, 1, 596.011, 480.819, 563.947, 478.864, 578.453, 479.749, -0.998146, -0.060868, 32.123, -3.080687, 203
378, generated378.png, generated379.png, 1, 183.616, 278.030, 184.393, 288.047, 184.023, 283.273, 0.077408, 0.997000, 10.047, 1.493311, 44
379, generated379.png, generated380.png, 1, 7.030, 179.014, -0.047, 194.979, 3.250, 187.542, -0.405261, 0.914201, 17.464, 1.988061, 72
380, generated380.png, generated381.png, 1, 737.764, 400.553, 746.219, 419.455, 742.762, 411.727, 0.408344, 0.912828, 20.707, 1.150157, 143
381, generated381.png, generated382.png, 1, 685.756, 460.228, 696.889, 472.171, 691.537, 466.430, 0.681865, 0.731478, 16.328, 0.820487, 121
382, generated382.png, generated383.png, 1, 110.021, 40.259, 76.912, 42.896, 93.762, 41.554, -0.996844, 0.079390, 33.213, 3.062119, 130
383, generated383.png, generated384.png, 1, 415.998, 561.713, 400.999, 561.817, 408.163, 561.767, -0.999976, 0.006937, 15.000, 3.134655, 43
384, generated384.png, generated385.png, 1, 238.103, 179.903, 239.797, 199.106, 238.869, 188.586, 0.087876, 0.996131, 19.278, 1.482806, 99
385, generated385.png, generated386.png, 1, 721.019, 559.294, 701.969, 560.509, 711.200, 559.920, -0.997971, 0.063673, 19.089, 3.077876, 50
386, generated386.png, generated387.png, 1, 474.887, 158.005, 476.236, 185.989, 475.457, 169.826, 0.048141, 0.998841, 28.016, 1.522637, 46
387, generated387.png, generated388.png, 1, 638.953, 58.992, 634.811, 82.145, 636.558, 72.377, -0.176081, 0.984376, 23.521, 1.747800, 77
388, generated388.png, generated389.png, 1, 115.972, 226.951, 117.381, 255.031, 116.716, 241.771, 0.050121, 0.998743, 28.115, 1.520655, 109
389, generated389.png, generated390.png, 1, 75.459, 472.182, 69.146, 488.058, 72.389, 479.903, -0.369473, 0.929242, 17.085, 1.949238, 72
390, generated390.png, generated391.png, 1, 330.003, 97.927, 300.019, 96.570, 315.310, 97.262, -0.998976, -0.045233, 30.015, -3.096344, 42
391, generated391.png, generated392.png, 1, 327.983, 361.349, 304.988, 360.257, 316.449, 360.801, -0.998876, -0.047398, 23.022, -3.094177, 156
392, generated392.png, generated393.png, 1, 426.970, 366.832, 387.980, 373.891, 405.849, 370.656, -0.984005, 0.178143, 39.623, 2.962494, 93
393, generated393.png, generated394.png, 1, 292.489, 278.690, 301.845, 293.465, 297.548, 286.679, 0.534998, 0.844853, 17.488, 1.006291, 84
394, generated394.png, generated395.png, 1, 229.402, 157.706, 207.465, 167.841, 218.229, 162.868, -0.907797, 0.419409, 24.166, 2.708798, 144
395, generated395.png, generated396.png, 1, 175.000, 119.621, 151.000, 119.648, 162.962, 119.635, -0.999999, 0.001160, 24.000, 3.140433, 52
396, generated396.png, generated397.png, 1, 131.068, 60.882, 90.999, 63.992, 110.695, 62.463, -0.997001, 0.077384, 40.190, 3.064132, 95
397, generated397.png, generated398.png, 1, 48.903, 45.596, 13.050, 54.208, 29.338, 50.296, -0.972342, 0.233562, 36.873, 2.905853, 71
398, generated398.png, generated399.png, 1, 435.753, 126.548, 419.834, 119.367, 427.768, 122.946, -0.911541, -0.411209, 17.463, -2.717812, 56
